4727
921743481 154455101
608068298 258498947
520917001 368563771
531588649 944909132
127604582 190869574
888008614 102399605
216058534 560726604
528291394 694579753
608841946 405290233
922398628 605570998
212922494 685980342
665479062 667580880
954214826 585083808
276951734 827443127
786289232 188948883
241967571 162863624
276420998 530178623
430009513 961514774
520843727 834977750
443469251 24788554
749142559 526926727
751224750 44132649
508376754 562662199
496587237 469617817
27277400 571190702
270203118 258950239
6121708 283581469
698385283 513118659
383560860 902402933
667206510 476640536
626294286 855021463
365360219 384404389
582978318 103843968
813112392 474361610
422353809 393588861
310170945 87834483
720839509 656857043
591631521 39706035
383879670 204523275
700770831 35584047
80896824 56818189
554723329 47778943
345981995 618504216
234267658 619999611
854960360 386780723
738206874 755524886
933301088 315006483
305764208 781250488
685372387 530448170
132451331 35657442
546077995 524489934
719445107 724850659
30772990 392211066
737474250 334203141
564157500 148190741
61083002 788251081
925606356 65404237
948321654 491152859
276163102 609169187
101322540 973970703
904243771 411974740
928939835 928162046
180770566 207317630
897469424 955220421
432316594 931192037
620017156 966550237
216319173 572730829
434682 252924238
499773038 54828322
370107284 162780108
819392008 933340009
382246437 186702572
247332505 772057429
471475387 455868616
776714000 585153024
42302149 909161294
666968851 232904103
783859698 226025962
290110374 592399956
52682470 528928083
152786617 12421059
327892558 919761198
786359825 625989947
381515351 219680686
847943987 797142498
599939587 944665152
93384021 110626672
456697111 399036433
927157624 635487335
980267831 814634110
560605205 813409892
241164624 332628361
237044659 430989862
157371642 348323181
400604909 449153588
435874457 515431313
523403049 765142081
536415570 154031875
727653513 762881460
783432244 19005233
34030541 69286182
295751812 531167359
637822947 63415455
200475582 915456206
234630158 357337313
540108629 766971318
791212412 464837720
953283523 991058604
189392142 514003653
579506728 93112801
954222567 903608816
578017063 877568070
25404332 794238574
910859014 421502069
80888298 304665133
329210722 562819861
488898052 212912534
629851237 351933631
160397231 341514578
108186514 991767570
445867728 784659836
23459433 253583235
111023296 757481713
370063738 108720894
409374628 84491995
790984092 19836087
980617475 466489813
250505486 615538141
822119144 928704240
580788564 222202451
738711075 488042349
787450528 52827937
548645971 715736340
891194138 915088903
181449093 440540251
925243459 2111467
786417343 428596186
145993107 21439443
146990323 315342747
177857130 559155880
371779545 702302613
770290705 773902985
745344540 58226913
200279465 413924104
899062636 888568275
86101763 219065453
865783331 900356075
721447917 617633025
149603683 260245485
308298186 892338203
677925591 358816921
298020681 14557496
444457516 641329004
853656441 46646503
614921304 293653764
676670589 909878741
852793293 907319233
358548307 112116142
18131221 495820894
93463257 832257335
755020896 144874459
959458520 25474609
568525853 948109903
247302309 373443239
467221589 540762081
930955537 352468818
674583874 884751817
13645197 482345730
707728217 826803356
504386770 995257846
978939728 776691083
798989330 859551566
575900995 867428234
525979071 478057745
883246882 830139006
618635414 525543696
14812483 948570432
773528151 183274959
427765002 62461899
605204356 907827685
975791591 31149108
50756418 959823948
586734499 938154152
698530258 656632671
322022861 713782345
620541443 86665264
773451890 993131459
594960048 268135763
356362084 676538244
503682199 529835376
553469300 1575205
314690701 504641911
253773611 820378542
602411913 246159399
133250948 404370020
190821552 136715225
601220156 977999782
880538413 184395206
222519452 889364938
505572687 276316718
173997193 412597161
951058425 888001093
908938304 849109866
575183348 63146493
476343407 598589745
825192115 654065864
468578818 710416392
11857617 649310547
532546299 852630367
143079369 956091613
23959966 441605817
614179253 353419817
601645337 901004513
383059986 31732082
429018498 274562198
483685313 889668592
944908158 630593098
585906925 105585108
52842122 764906026
198347100 82744060
316136787 592578727
77774656 871502877
521264189 629003561
22142465 196339242
776672513 608972987
688460587 340505370
625601220 579551620
829303555 816582060
673929091 276737515
690161828 539685347
346788047 89378316
464063101 770863116
859195975 625452756
785571003 707526468
528367470 621040087
294047960 819494664
402129765 967832208
592221173 137164161
468030272 956726453
963153149 743297666
594930628 500980405
474745868 730297004
482281384 52906023
934258684 81541764
938824488 720198914
462108173 379516906
855613104 545676872
900510981 574103736
107115593 716102791
497040909 950489911
7288404 918745684
409995973 95163696
582393057 874918972
534620767 644164628
804707400 982044679
386085844 739024586
842391917 216697141
463488570 632927622
776641108 995245906
746526616 872042192
145285014 548804492
746087080 54682286
815051560 112508464
313857874 112673135
593585441 936990543
872224458 720990079
103417948 884255805
580297959 170647261
167343327 216053560
702263173 835388171
575204231 246379001
477642783 11175063
931480122 147552594
227536600 54327509
39813168 498083259
165229921 638868683
921607752 204506793
440483960 973331798
493211429 473860819
475529780 982212302
140776913 696469277
742320809 478887181
58148999 557520518
572886707 957380908
834786066 444936327
683716404 41584590
433309635 702998176
333360319 396848809
391335777 524354252
563172347 244542910
541439421 628930273
887569489 347759761
959745618 569756117
32543059 257741583
300221592 853293031
118412283 610620093
739576699 101147102
115301949 536874461
706964806 450176504
980790673 925524478
829396280 809000445
548686935 78285626
627187990 646843818
393621111 271834659
477721878 971726688
779266726 229043031
98171081 501771054
165690769 24975785
311032139 308958716
276996988 206113081
222410551 447263518
62195431 722825488
163663991 47454743
468474109 742336443
968693359 800147250
899664075 647051130
775645414 170831189
245552023 409319307
195245743 3573522
228943153 586106006
69118595 648846935
372850384 260979510
196808195 784131307
401064876 940322086
112162886 879831969
906741037 968955328
154181419 466056584
641635619 30402049
274540450 349088149
238195642 317107822
54157421 906224982
6865109 798581995
838315050 117699602
503806412 514562225
703727567 784277872
211056902 122897493
938842993 539503406
807015258 165522139
58012868 310170520
668837515 927761009
216284030 872603801
696774468 65689557
499555206 792705658
909902360 637468368
583368541 659525766
253783487 153963110
960223355 982668069
408039202 292124893
260285455 852105625
360244889 150699069
143104724 820965205
774944907 710711886
393427996 461954363
858589171 670598969
405183927 403643970
502791192 947078204
972102109 497897802
585433476 661495061
276919774 949226176
861181142 655655928
41368674 178926888
966317399 77341946
591173578 427404501
645931662 110140902
541484677 291388935
588485401 729688762
511339982 851862206
846199125 117502628
556677673 891205748
454529891 596470456
254350819 952330475
539563268 842757579
299021826 334158789
173602804 807877028
793256654 126691894
183401705 183523912
4991929 602300474
129816845 322236261
512904961 930537997
293178837 57875557
697021719 498035534
738409543 238345066
798192283 786799518
115600988 629398211
45036730 995360683
522797479 258678695
537526729 751933147
679641771 692620023
964772752 105280198
80003076 542127739
364324884 165469798
941051008 16339436
206893151 710840845
474703465 315508418
296024957 749858580
895442998 964372572
864645979 520506242
334140837 963807038
138652484 289145015
256187900 472461391
234435458 702655298
298733985 782316112
137987970 990612941
328072854 387646061
770269336 239794917
947659750 525706656
240620369 302985282
286808722 271318190
112737454 771085705
700986731 848812956
227967799 578892039
778454432 118620181
397913806 687546321
981896411 221316486
759611312 609970845
416287526 973743231
127900230 47153351
206938722 72606507
163637800 976983554
728304107 724058130
53235868 118969922
634853064 539568089
464954890 139928299
277042839 653079917
804351470 839514807
286959902 728126494
755688670 502707614
179468789 886777825
629149603 46728165
675060439 200413792
919868041 250655158
606270764 246584319
500318262 446834605
387577743 682115755
729459460 815845081
14415148 684906619
804647725 190091825
447904803 249798543
201986510 588669508
577007237 850236642
197393974 103193713
613815399 915371830
477774346 471890467
665515971 325485353
887250182 322518215
544994731 55010907
350057792 703797532
862786527 791103451
365892370 724261927
350433901 959591070
635085063 96655548
322132036 932144769
751821842 621005826
475489261 939388037
848948487 172199346
780416148 994202215
695875950 472103743
491474441 557761440
672004659 626342029
995386633 440212649
691511723 691281851
284551287 361381979
355746395 414255703
116395252 667245499
317188638 75823288
549991008 468313874
562466062 210362077
307923404 370952161
933779101 814401439
19102059 765862002
954837678 130522828
663686127 293808646
452724050 410633286
915517624 548332585
819245674 817550363
813974720 129977896
128698220 658247282
488082696 586466398
589403516 983832179
549057809 711583824
461617063 752690349
26306572 785907578
672076444 729621524
532710624 762916417
653661078 462473509
789862692 766061413
96628976 482894350
204589713 295649997
466485788 549815997
518549556 25497714
647665759 158655589
136200899 988058772
530977724 990176424
347932034 148472159
69609588 223524634
490427008 585340490
306249399 96780063
463369835 572063612
883535989 695019014
675605161 211744907
226152136 239070112
363032341 340295849
481549273 870417142
709808060 999152319
314527999 274205106
11474711 949461368
39123921 636521268
200914486 428485187
826437727 415709409
806265241 469752847
204815103 699724409
769793762 480838488
32649269 457564317
466167030 405383754
749667259 201567078
307748959 67538877
147318601 921736287
717155374 715694591
970868764 463407781
961535327 858599935
777110708 419727101
257636954 823322778
424260739 746348367
260526482 984638938
531726659 863943990
400768742 385640880
990443733 603446564
385997464 575484589
405669653 5427633
765137528 877318559
381462435 272313818
225032374 394229003
176904076 154994667
340732627 811732225
635096026 133898737
958358457 199981587
395269071 545790679
967749474 757756333
810969950 439298187
555261709 756929780
280509165 529282948
573074345 106209036
402592604 241495950
336926386 982876257
981384850 871543459
668351215 488755396
534897337 692499976
927090315 983681380
741121075 893442887
293633329 216648944
637279350 746027017
430256947 474899835
936855357 19239619
578916608 566416300
698160917 288624975
471985478 927915817
60998073 3331883
239820164 518499622
221876834 269581570
476614685 20253163
742168131 883531332
289583470 495578180
815647707 459393260
109450473 466974891
453532317 453636872
47738336 326263963
368883962 179012447
353370686 635879052
383806280 712912818
485910181 663092206
801219715 116025788
195725135 86220959
747095749 103467841
839629832 773801389
9523078 390811101
540298372 140709904
151643426 612637004
314045711 647418042
318920320 416937706
115700368 443804762
257946822 222143375
570957596 770175524
851663737 168378548
547920806 116348196
139011521 733806993
224085035 556012905
552808543 776595883
202965156 848660516
65394589 224398975
157349262 159201003
292120003 926221820
772753017 829864817
951161862 833022662
446343105 402177315
348213634 448510731
487467524 465874813
392331085 869261523
453500610 200430964
149052107 57091317
997855349 179757327
734925240 464186615
59879523 408751227
867972337 224096865
608684247 678809666
912842720 216949222
785471169 782018698
694891389 948693138
642396376 929550703
730275667 454725856
752353994 514064707
660179941 594388814
811709472 757513812
883287170 358621131
907284043 533831573
856940431 464279419
717664082 663996636
30375043 768459424
294290453 139218973
997415327 321192759
518730143 252892702
642395197 507418094
874969293 219263387
219721924 589849833
958031627 774705996
657733548 941061004
783569884 542555160
335986173 87123110
711381977 168200367
939884118 774722643
536780100 661745612
244590544 138462675
59123472 389590147
553708394 770878029
883043792 114478895
156302365 359982973
451906481 391330998
174642603 745598392
670113465 455508619
962796326 40553135
309355868 432662721
705032947 59684770
886049087 455857169
843254790 384504268
461332507 952931252
179472784 622214921
398095098 572082497
715525715 767550978
879861674 283384812
322271129 8482028
916431505 945938852
719927612 797836587
762292571 915290593
976510399 332900469
772993110 400910731
367679125 196244674
745734174 588278720
629564614 458034663
548311538 677051822
396412476 805129343
823163118 455136594
126193294 699227151
506483851 520297053
919557585 370915847
271032508 861377648
500918992 880573715
268387185 645363192
940530429 233297692
456364684 138633101
388161117 981858586
685590957 295206783
781068390 740821087
995745578 573229109
311504676 726499278
338648702 795162639
126905424 459332971
891821484 266857899
417291031 810242188
555617063 905490003
544533105 838794008
654475087 782008818
553631678 928265664
290599667 119033769
906308319 134318792
390676540 207537054
935989741 163540552
71624915 73469276
957365261 392136374
906490630 70662631
562130292 902593703
615493899 463146905
801600871 879888866
136474497 875810152
393600139 150915024
578361554 484456069
971491101 144877630
373686255 884399437
677827547 798678883
859012874 916394334
151561844 342276102
669451072 891059375
102590619 352958310
103971451 170862619
977382041 284889684
696698943 726577657
394911687 448627602
908914816 38158381
292922006 714353645
801781184 506984236
255418760 469278257
761402035 734046562
457274082 617015295
373878946 476518407
538946164 115835535
949034471 482721016
24679344 866576525
519603700 467900224
588694584 252665741
709652743 799745712
629190813 342838184
535412864 828579366
295140786 473542188
726491057 498236253
318928084 473331514
316293274 827307868
174825312 356678061
941963838 822953310
350135986 104017741
484373416 992656244
608414205 301583439
492462965 758170085
215232146 516607875
469950793 725696042
672548214 845980512
299584387 372506
8124246 787378341
668616347 933827812
864474396 297861534
707874343 32518587
900067499 445854244
72550489 705386788
262743161 756808639
60050272 703459852
839478068 107361632
62217151 402741803
96032474 296837534
851631316 631750895
100743477 677143836
284033430 749659428
452088594 395816832
968057975 311922842
59029200 950046798
859090355 851096637
560508663 386264417
644909579 371258000
684771961 389773442
716943654 338094008
71136932 125128556
310817949 299514421
457282632 143213938
314720432 233486985
144061748 903611946
674914536 595039976
489060800 486067724
317592658 934696079
493386423 824516090
365487196 579355339
402603620 124842985
788302613 596133199
8106554 25735467
792297566 36928132
294482895 428799850
314913357 407390387
713600607 500979318
883063699 544387037
668454134 437414912
349019270 889720205
266931026 57717059
52943193 364874913
863884982 20595144
760691697 46220222
861328562 603568780
370279757 374494405
180048480 323641581
978940615 80783610
151848714 583928239
167301045 95371052
74509124 246506019
670227892 634843468
804197012 207017279
344838183 173524163
564940854 390773003
431086484 193392620
156719061 76345418
973816091 784987193
518017636 706568061
294895650 804980651
546676948 165020846
659905091 734105271
430713089 761794535
145848867 770681961
357900334 150944487
68043937 194534657
786159847 249186218
203563887 771955705
652115746 637295899
742863246 441383091
932288756 826844162
505444059 43077204
948578124 983830525
643181432 621180560
337910191 924447346
229909860 932631287
941073552 394209413
574929782 458620130
921193143 951224576
427692964 365491365
723648223 264072524
44516663 880087843
409257632 278767059
284543635 391318037
515235480 359684490
302722499 388543870
45367284 539085500
904740709 277635548
344308075 813384967
88587464 706258463
888356399 601892679
365151453 132499506
237701750 492678106
511915068 253582735
806326942 984253635
745492941 880069731
260320615 603944898
437532541 560607802
534492564 427523716
610380928 815230506
208135864 478267450
700789340 123901712
719793668 67675175
604693660 812674115
466704742 719311923
456199767 55685157
375510580 197934073
325913557 28216256
140241178 359694287
766944773 389484242
900919015 596678471
171773771 776733542
714058420 721188380
452344374 737923287
205963387 816227062
454141187 541252848
141523578 509846088
163978085 357207750
421210236 256862396
766223477 481645391
969673371 252527005
238855206 804881350
92238355 177277197
638233562 663713483
388464707 479146086
636071954 609045533
99435825 902576510
575144405 142681507
626398509 230111201
618164550 414795397
621771479 182926941
475950488 561806197
284745395 543545653
130878014 940981491
396386807 678972879
300510357 322524131
314040952 215377773
347947486 312103132
373288116 763998933
47573403 361164883
884099237 299052402
455927698 649542199
324935460 103620562
176015369 109841178
204917225 505034654
871011115 456415323
924305886 147414006
121634079 786186369
350296927 720197297
718926791 504227526
503943064 281786947
187408404 605911181
40080898 647640016
171507373 891486180
222203227 439388295
48751496 53513675
685518721 75578036
764352901 213707300
221942173 170264206
159891405 801358560
450235665 578645281
811670158 867200904
753060373 722102522
930509095 617046644
763018999 124593850
901282315 893326790
16152264 852634867
488270736 10899187
148761608 654713804
963762946 927071513
179431578 45062002
422585893 570749178
373734643 894372335
476026116 695548162
807758508 88004333
358278413 39418408
473330752 840878223
431263197 697420120
475417230 206657720
427226244 143022692
391402682 441606198
14087623 436295270
40146122 651015911
385753016 179635982
371213693 498749680
724214789 831162374
7543773 974147033
867763931 450553639
670835583 46930876
219674297 97559225
911302561 566670440
410183520 134550289
389336407 868959145
10347845 418241
42433201 25842324
876895288 509274593
511322995 311117957
263246875 869372625
75681122 251753951
49891453 590709466
536850342 60941824
996432463 428574570
380966267 761170997
182147777 894345498
445547562 37599501
131456399 830999835
145810596 528169256
24264469 441814994
664447903 792785807
182268380 83853184
679193699 652386969
315637085 996036399
64852302 398204384
840897220 962963291
370284847 278411355
518674964 470473725
403643779 375574785
335884363 741652924
679911916 235301262
895198756 477289323
607903288 391522886
765886221 202817521
892309224 6445909
819800761 808746679
956246375 977190633
911502378 494865006
83183222 7424943
384720485 314047870
328177164 141138461
471655218 143489284
229278320 2681453
472488348 36326402
918460854 142769210
231020439 47515644
387368396 539979611
683912425 234379843
493933487 425153294
254431025 895156565
988081648 14379102
903133645 364600992
316228316 841321430
334242553 239961209
935502690 436387332
928422137 147803739
640334046 249224054
777049400 828585299
79534801 572952225
423547664 817895413
15551342 580746286
760199927 586691892
623860197 850867887
124538189 162303627
727387706 333277325
146381170 972746469
167652946 584757949
757415986 33082250
667512 752737649
745329719 166646845
405122387 793285874
632698179 936283869
769103391 900070128
572153502 347212082
253781697 281718424
908032166 541096791
612855140 966103903
950051035 155848038
833393840 736586106
315780147 748873290
436930421 523102747
358522925 4801260
456820797 590887700
732627218 233023064
371509798 707649684
880405691 439101016
585925142 358654546
148658709 354666391
308513034 43732595
475817907 152341874
135916554 948021788
707575753 705560586
60569278 836943348
920145581 183710117
758255506 470717430
45344697 201141971
946221561 149124494
853925032 182155991
696475228 212870146
226850838 277354973
114365786 241087072
163603364 451417445
482558093 766673779
765154532 278444659
459091092 256162335
408105863 194924360
665474378 473125996
192489503 614387951
951031168 91585506
866289703 440879087
122822875 693309052
7191243 979314477
549257444 716706862
567812882 659915202
191971716 671432929
73734553 471760569
666616454 268127904
159183419 582548456
31947270 553037724
656036205 663654059
642213405 913300313
199741839 449912693
540131051 767593933
322244064 506409221
793638357 233352026
91907204 783086292
892557221 54678385
774840421 652030156
411628920 896117331
26799169 429377734
731747510 620336987
544783249 815027850
907440546 166056965
22485545 137881704
133430256 968201610
465093382 695298591
128248628 627971363
759012646 432221081
724378501 125516806
53703796 910578148
262320306 685061006
12372268 422476937
324787431 124394489
839090879 191882229
486679455 13075804
558560284 862819762
856291015 910644670
931422069 380405431
225053007 634662156
815705856 488424992
855479479 612658372
737972680 346989479
256834354 758186331
572350603 31928751
933022930 351732059
50135553 832716028
609739648 753809437
655403142 346384086
267236822 153449272
207261881 129094780
724364752 105889246
780246786 229450795
463265450 209359658
932374405 489119784
822236011 257178367
521903346 290256953
524529731 599397124
756459955 827293386
266917712 410304025
221724422 732796957
170241282 58164081
213672447 395803390
961924508 963627446
353971031 633556301
966406230 598299776
339753403 333771790
228524052 160204433
255305057 782853451
934262221 692861155
991688244 80805374
137150965 930353423
793926919 978540784
846756669 718381674
769262304 511512423
307970314 393526030
251696437 38176449
333328338 472259831
6411155 245849628
390480587 335403092
661054812 308119339
303575401 599846262
393081609 10886645
27839772 589843449
632129143 718626319
807760232 504784982
832122354 312281115
760553793 895159048
83662083 496393903
983986967 261329462
217519779 27372842
519356509 794298559
61170586 309454363
996874297 717860679
4816571 140861456
427189255 622180157
204623715 85155200
583313645 399590152
113741402 158506837
945007319 828700591
57167241 784995053
603542886 124992041
458008881 999160483
84922800 835713571
333298505 768870660
55280573 615321084
74470551 705119046
534283749 900803757
196650953 824529096
35932486 149184041
812781973 912755028
825688030 191726819
301442092 231807379
612088971 641056443
120757400 492671090
399749254 778632694
891916658 681392859
821355108 827869861
596011849 915762740
979844894 581424886
306612020 460212184
821362672 989024769
940920818 721196001
841947177 704540356
983793159 127152537
633961051 366769977
532090710 839477761
833112075 470491936
935344868 440497393
951448496 505230125
406424885 47320908
350662154 903623759
280898074 446196725
674731357 562923091
563797147 736062958
232713361 588593198
401915151 41656802
268173192 321397374
563403858 437781359
89854626 386084911
655233293 764576170
815044683 971767140
401984750 410132895
929062691 246964123
104165382 327267859
159149769 196088889
74185718 305563983
204093639 332289016
909843213 859959400
924267832 366173844
220629689 565265340
666752790 800531379
542277585 846839372
184851018 489822772
636346636 823196456
375353174 775588946
553981571 241709218
775674393 180732370
578329568 611525348
215198465 265986270
656377657 260366066
529200384 618401916
569193714 970735110
794735093 820641196
496465936 663886244
125908691 417787065
319439598 834058327
800688092 436372941
837912636 442211657
148402928 170149783
5226519 807150131
842974039 905497000
15878083 562823525
51910508 689900244
463864609 439136751
61860833 58887216
480002847 967674430
639723237 456494105
322279136 465696459
846281043 799116787
433104029 518160557
448197133 872390858
412756907 441501479
15583360 231260882
320385885 243527131
106159743 826138256
353213793 377016686
623928443 931441752
763540644 973841273
724346839 392224288
413863741 994192869
355287822 963762840
984698521 575809606
390925282 901123740
944755306 27331118
717327277 458070291
47932905 762526879
915096538 809951935
619920088 430345824
256983651 132182005
478985362 900083389
744847970 466176430
181569693 555770103
572974750 189104888
786949836 397067531
181909528 923968899
642483331 247988348
602563484 237718187
910720448 596241750
944318688 393479182
237696849 145351583
708671288 600142692
804264367 414571391
541523101 958755766
267124437 195723896
878360278 993125982
699270304 102985820
278999629 576690849
205807624 377063304
747798281 12316502
687387247 455930278
99158395 73874462
706653282 767580811
755365755 580136440
598883091 598129186
440787644 469979888
940241289 769116497
433145877 181710157
756360513 428649911
784867008 636929190
975890638 727509938
26760933 807362685
784268379 514507550
776048303 796357592
585296339 993947735
695992136 160369033
723424880 191854349
567711125 943846596
462205901 868425609
1771171 764326069
691768788 584483875
805456826 656421457
371385018 325178460
778214153 660189147
250696352 405907551
409395973 584327638
819894493 360758207
464511165 861556823
818390395 198148820
232086729 457824436
312172926 671748473
559671732 363334782
731051776 962269173
953024226 799096806
343884252 119825612
85086334 569652730
478848369 842743287
771758043 643784559
186848971 194691879
812871383 67391236
723230267 37368838
876634014 554179047
490468395 273580242
818813489 221249531
590213999 162605559
215637060 55716179
416080300 962021978
894756084 824267139
795559742 376306134
515969497 678026079
808211518 764236987
817210610 796217626
104791758 351081987
955935449 702937151
852934332 950127685
223038499 191738989
195119645 135932555
282616541 986308659
200283902 854922861
39246903 799559744
598596982 752346958
836680876 799906403
507745272 897087929
550331540 864116314
581911769 77057155
696497011 875421483
98894525 97317879
115621099 155146350
808917340 846187175
953292901 218009868
750260287 616854514
748771236 777469468
587047236 455752425
972923933 704655473
583344386 249391107
116118874 742319594
30387448 514504307
188872165 19181028
107565088 362023232
596593042 507739069
827629837 604923526
648480425 849325590
23417008 981192146
474676442 336345081
895875586 372556838
383649779 239373655
10422700 598392739
185104498 743070536
38012838 351058011
609691315 191914968
495665212 423978786
282536359 138488937
410564762 782626405
927558983 952107051
766469141 540867307
782058441 338933751
580899423 73394818
941905080 923001517
833064623 808415706
848967625 899844756
291365920 753879836
737539693 792923753
851470747 743991093
672853573 148466003
977037075 317793910
195333179 828320484
592788775 689304047
505557151 25635081
399722750 366316737
125082290 909315862
456688242 302783690
837994945 727608790
396371059 606130254
869372610 213776208
312299306 37239910
575047866 359042480
988337745 463901241
211144145 403336586
550239694 169484789
590077258 100322130
86299960 126470267
112069503 447802964
566761521 261918368
139715930 111509517
385420071 636056097
770436914 836739754
714953336 339075273
638205422 354976389
907374144 16120894
854480966 137275312
817554329 822707069
693981618 33891161
383576898 808512352
918153272 612696978
87364980 164528761
859636069 50928179
260234551 632710265
526694198 845349406
296309891 805231068
727321739 215221944
764982611 192812131
95628353 897978348
2657171 596511191
978241701 93366330
227743172 384305097
237388389 838565985
833551333 383941068
169939337 697570170
700488765 454284135
818445563 917405601
636791245 490805159
627458548 97559239
717570639 12126287
666278295 891655100
353641976 492906986
910531525 76297874
938672782 376926156
290056579 236901277
383229354 154411912
758366662 510119505
748321346 456047541
937164525 834988673
323826994 312369148
357192879 576415117
588503896 496394832
520543619 495342609
936010676 140698808
917963584 778616833
382087246 302432729
133105942 532318393
368532727 670459405
526031121 74430284
300616494 89236062
143830636 945984892
776920515 388443412
522583662 429370959
296559898 355829626
672597611 882510061
948137036 22241873
196884206 429051303
856015531 714694928
225899893 694344742
940641846 777099394
296921256 507987523
349377399 180228985
225273776 371242203
543578911 961483495
794031888 672929786
446426430 296649267
245737913 713266865
279198438 106177722
899963229 751963715
220075500 664725626
851920397 881872346
737513145 136779297
170081267 971240347
14378105 734862095
714603111 430979357
401399207 887249761
311550980 615414341
525931242 400642951
950840868 20582841
110809075 181534856
581031388 863096732
477580337 183564977
190032603 774299480
388861047 900383865
95841579 706878823
523557609 69969776
110752550 238271964
205118979 873353293
768397580 439660978
956445197 427124404
230383954 93657104
14964978 708632268
901740872 757468730
436490778 819791579
982972291 865259788
821680861 1130746
768601317 892062108
916100741 473959331
262046451 808736278
857972333 510523321
836797373 802613884
619354676 470258868
733198704 229145700
301520338 475314155
984109974 23991223
233949979 456704380
645161784 966102340
880494295 834994399
394681750 975542428
900464790 448791359
622520240 80724665
441568537 317502718
281366378 100202207
724214258 33829419
202855815 195439480
723531255 140887651
256419365 583043440
333442295 741793760
362160618 806840522
107256677 610830261
316439988 770342587
740241621 924276945
140537082 510439078
729535001 403777384
192830918 804990870
97989737 157691231
243778180 292855988
908605341 51553414
136136628 228576740
362250010 94128052
377963538 162447747
669418245 128034954
925334304 950389355
843389726 446878123
840099500 807948652
596032249 561089146
402774859 449407951
552014109 402130569
594962973 219136087
763225594 572294485
204079430 782570374
446610428 114655559
584437164 101433771
94394413 476057199
674454316 809943613
94629529 816978155
951563352 722849922
558880827 500086047
926246842 367758784
977959295 394932625
631101189 647869131
701295319 446082081
629591334 30510613
501120646 408966462
844586838 982874795
715446653 121666488
332175246 954388145
291614063 558794585
872248883 300672969
36749085 541150301
643853008 767200509
493550554 191711001
370493984 227109901
793011595 172813491
54824294 193476211
940682369 317963412
449607338 126310270
942711419 281104013
677318535 390309955
325667582 64569176
421781263 563083874
284485046 817088183
256001793 607216838
995623453 853782394
404435296 996915791
649868742 199224456
709140820 932523158
412993735 411570576
276841096 20544006
119731632 78485933
784121685 484132462
826549762 460355207
117508414 354549088
965237199 148430131
362478546 482152232
225055973 225091547
489120379 584702446
281578048 486145083
469729687 927307061
691881896 316405966
959342358 701363052
979294994 639095489
193852204 111499325
437485944 438297181
582563637 669356448
801539252 626415105
197881692 334317046
519156468 185815111
5927791 510682051
622265537 831021956
52495542 569450987
80945039 491590635
598885310 316994703
748261039 527360967
597949295 163772787
744920656 995866496
767635277 752453120
237042174 426911788
277260332 58967816
758511578 17427969
24935720 703665731
762129474 184593956
654359040 872903475
619732674 121153831
883273301 655049135
192569414 701364917
884207944 279153401
115848274 333102212
237823448 36413523
22647654 111349215
54842208 730697787
316349297 558546001
433927373 747936641
781477522 747034042
252215837 20531512
995201380 336208278
369302717 878546675
501024390 98661784
448863977 621984518
131612290 117103077
218201693 516357834
532490244 627083401
973667406 593608826
709183756 447814787
399720350 868209460
957192287 719290459
122379546 26144877
902703054 265432067
28871763 532770660
760212936 149241023
561046735 710308302
612773742 935703535
824368198 793122347
992819213 259872823
693769119 995138063
471467031 962988479
32848730 586463424
189102419 255153568
58853202 591590549
435698237 299521103
932634931 212083966
947349420 55317384
180761929 576161706
891190471 920201420
469657611 628846590
962535741 938596478
937336365 267948085
847169592 337955784
586956450 49118316
576075122 674099841
989782108 713926217
445545004 515327142
466734332 840551939
317149684 636201804
163535522 336605636
353350071 420166898
82539156 933845965
536504958 630066566
771180463 246274060
371107481 981167125
132409382 581028301
41306158 914843654
7112947 79716072
690747562 700073589
922014453 221695131
995115222 692199121
580099038 237418353
153186291 68236435
744781643 846909591
941038436 348184454
46218207 1447073
704119724 144603911
951105729 684349262
410172 232175077
59119061 904184097
984612141 932877215
18484508 13351710
659172884 549616429
359151894 49421407
502192227 926658881
951427027 728923718
270413976 540352055
885446912 973841814
240297679 423026478
774942698 53990769
648413626 976470709
626110765 280199006
874958753 638841044
804673799 986427343
370152317 734942384
302167313 469904176
82605978 553131519
719097236 668891390
226101924 176526970
115907787 494406509
910725745 191376590
581696387 633325658
710744111 320542094
74486639 741419272
655748020 619154731
759694639 888254747
897524055 106517833
639397820 184831634
709078248 221945352
97415744 995820596
567838059 175391518
635495509 99440169
998814512 464875365
911834283 213237692
361457956 701345932
417686153 681288600
527849889 259349224
163025141 42059592
538669132 560070963
569290769 871048874
534829929 740532009
789350199 860398753
498967888 804256502
720321886 333252095
601431742 423856899
574392414 5018772
402396464 756919149
542431139 711716129
154159755 549880426
977778789 121065822
648088423 141754698
190906583 707709703
139463902 989191202
946153969 163859925
96351785 305811591
273578092 499258080
509396546 942304190
629075771 839736525
361541484 730735643
803846182 341503354
693091119 413053640
419552138 924161152
916342313 800143908
326378592 539468001
428879673 803921630
597868020 312849392
687962007 354971510
702964232 630807580
629647796 602918313
980850634 110259259
950925297 661903627
854730755 961435986
16511412 803328716
407326687 208616713
827661771 997648965
52025462 728694165
342033446 258305661
488821592 827702989
877745397 722302107
997068298 96301964
12840052 693579149
94778902 976115948
903201443 608598419
287981110 887921090
231770381 817433787
22181249 322318811
540420392 303566196
783538115 371754966
883602052 14747892
478135349 697871557
891972498 517107457
183832973 619296508
749061912 891335094
833031116 901508646
840122934 423250044
329542672 973181140
469156251 841496833
894693013 57204694
415135878 450174980
180714434 320569092
794036711 450504666
690646325 851053060
715700314 396192953
857746234 966443821
380616175 446078959
313525677 162952937
507211846 911501648
968416710 144259092
73884384 989661614
114515841 802555661
678172074 690651863
467219520 564130088
776575664 514378486
965365553 132610916
863783805 885351067
212093793 206614895
981632380 355892677
849152440 859158395
13083546 510243449
200118828 459458696
364224723 750978368
530572772 89890090
808501148 82780069
343511755 667215055
173351973 187502620
687307114 10320644
615920257 176471146
557404164 687602308
84089322 177900702
420155728 445413366
152948086 985214196
259091422 353837095
943995934 342247067
157156400 102811674
472384374 162401873
152752071 225690959
69185090 342234614
662777867 19070465
78974587 403970421
186938127 514254456
240353192 428062442
171085939 819167910
863893388 693972675
908462627 978575091
937674319 615977891
98946480 483474244
925982755 385717087
629406310 70362580
83912931 76260949
271057005 71893380
507873462 700709678
695278929 957243599
46818812 288226409
654097315 349746507
649849549 512776088
191392653 15995757
900716265 189608028
129315031 243272796
311558703 349685137
814937814 717980473
89613156 447668372
568806064 834237537
237845718 674058315
810416894 790409798
295284481 830946670
424747158 431839706
526510371 344251844
880311430 914233625
500984931 727144316
409628915 699133336
531735631 387076823
798518356 927371652
165185996 41798596
435985304 460292808
564447547 199091837
122913470 968271494
889984121 404728916
847214724 987982871
552125534 246217438
43705575 716040439
30825424 801735555
57427547 536837258
997144141 767474703
448552963 63352311
214288348 621884498
978621954 569854620
853538013 828254717
402491807 137810473
325595629 463261014
703890471 586502056
204882136 370357093
724547233 456795959
34684602 833950166
664910260 572188854
613902963 147718138
596499129 623152477
584185166 558990678
467515484 854322408
375235784 880705320
653480250 832384618
327498673 221529165
417816010 97493051
996178655 902083025
93435556 942926548
209953213 888372132
888720056 397748248
44277774 739962031
972271277 605603506
329399655 159497058
491214067 7706481
790642322 410617713
693551432 643345169
788058150 842804831
299505280 55299695
129134078 340369980
707784220 776745846
912065867 986873306
150854319 964914476
689740583 702113684
921745854 901913649
576313146 41263565
127617227 223038570
670794929 876964991
579980235 252414996
314813996 579188226
514660285 507623822
172784412 987479048
534039307 580630092
968590439 995063465
622056008 125741275
420498890 55024893
672296063 649884706
505973336 702866799
259521087 205620731
984397442 364103991
906161489 6424091
179090739 989084302
208714233 645370617
333856845 77217555
385334832 372705372
287571325 263340613
759899278 755401559
976972934 963219004
390813554 478766546
121932205 537183501
509839167 887109185
794882391 378247269
609595244 516951423
303701630 717917699
504793783 24081728
2747135 328273674
328360900 491432777
521149469 348896951
11270066 223573048
81617101 666072331
235088065 282074685
422953458 109789055
767683829 941437697
914842760 891308093
453506216 907892508
231415770 788382295
389764324 590999638
661383934 555475816
816265827 955763286
880224297 831170332
734096288 653411604
289259469 637110128
167758416 706356197
59685622 597814982
754226647 945688950
728435151 301854905
959656725 599404300
203249775 626048512
45257280 619328744
337478480 585281582
991249527 57333262
790799433 105168376
811982682 170015638
143148048 877825945
7274207 114961230
655079559 421802261
403750037 709961320
937359668 655749800
421941034 920566218
658641875 488663545
456374316 483506975
403165870 210625942
581241792 872346665
978392965 138720561
943429686 812217040
226154938 501207197
337459168 708508660
607303043 31457601
245654327 111690290
497595795 548562331
629872198 480288262
561027590 341841774
81370445 59515180
792493944 827377454
510232278 71735101
266925365 237405845
631766448 577805293
370302513 556589907
839642489 857056678
382006637 280144186
53732870 431466012
267211332 158985033
824649042 343303204
810988304 503776850
24171116 64768047
746420877 632971983
820988207 372412558
476514572 473799686
397578360 833775263
40824061 935633912
852680858 745900643
865527706 183930211
27675467 32431668
974321548 344321943
200776868 835264248
198483426 123573747
247500179 363453793
859292794 663316251
95736543 710324799
715308529 210889900
552712802 794260523
266293770 179041061
734765985 873292162
780375554 888163520
210046468 878114764
178352273 682154215
523067723 162040710
255248110 509282357
631055938 765095126
737649838 774303537
661436420 274722042
131798995 469636424
532223889 195320688
96138904 353424931
907155905 798444678
920269353 34138507
481035536 60119935
28169427 25093667
318185957 189444149
314156905 53734495
495794935 114341606
474619661 295227267
357907520 361974920
750812557 531681354
607167901 983592607
508825812 316976328
26705385 456263380
630312774 90251947
628733874 651832365
637989678 382381829
476134042 656467013
85751689 798851400
262117689 489514201
485870070 417191306
353952244 434293988
427392529 6799644
833421182 290593139
609347628 399436478
774100704 78428091
180917493 136781975
127140494 816751647
848539928 780772672
336806897 350662002
63146686 302793750
778284292 74753211
390186064 954787815
52111010 939204831
700616058 538341245
64187823 481585433
539397865 586414357
699614828 543458719
847920193 263976558
368312810 203187309
340412287 447136382
769030079 235277670
862627794 590289621
842293938 997959882
11358358 790492087
756310487 164279678
108304074 40312115
143608505 35988718
937500677 313906040
600458027 246746148
546204250 29873999
929515391 163933503
850063375 869404014
382591770 712931764
240799767 495196869
74040432 659729272
966440511 872162831
535779261 538752552
241275203 883073612
538871946 921663828
208750076 742722866
504887036 132977636
5923521 842652829
736760167 975080530
94542970 679696410
404381438 441807051
239943549 975130153
896751032 496183957
37505290 300770516
76453884 76765077
803087845 970227037
261678430 326874673
927011944 687457956
49339354 753337654
660920342 524467427
540798519 389337449
509904365 904704051
55634882 368883984
548265425 178505905
850128973 33234055
939644240 644829207
405433196 448106723
594157633 992784907
668685024 625834768
162100748 260002292
405128013 228241079
564446568 684905361
420985728 229914937
424907928 24351150
230161832 810314483
706635379 445430575
98585004 46009541
95401155 926083053
81084826 579072780
266478007 832602268
527551042 644182181
728919177 391970237
267932732 746168811
111530730 264709697
103502326 968487733
159614007 47577561
71661375 272302179
396590852 452434643
818932279 538827547
747405663 492032030
397297229 987995264
951555630 103917957
40255680 941998753
155023318 823347014
59143782 521107240
926402361 867905665
349871710 409926240
831442104 846132820
939169436 486847504
911688804 240610808
458786303 617926255
721818105 723296069
824617542 1791859
158132557 225925548
49399497 307865037
521903819 566587698
78817331 803967659
723729806 778696272
728188463 302466138
95434137 182535226
548545229 835313105
869864525 376545525
410866323 439830005
298115893 854226462
188813571 193996223
940914538 530060429
523306803 914466925
12197104 864677079
618009446 466226087
782888977 611295938
122687029 189516340
203904327 240164779
207770281 857457571
909284508 531418829
259142324 93701591
57816019 866855352
723214279 475466589
519531968 458306208
374047458 607694415
698471903 532012367
439444215 635205645
284402186 554308725
339473890 810046770
340009200 47716423
401992895 828488855
802902138 974142114
916542392 500841962
615046974 987398250
974369601 395310794
522215776 800694716
184151736 387523747
491330669 274620438
485282148 988515289
860217839 800314684
999527510 373389373
31715114 793390484
253148333 98028611
274013779 161257229
19269787 840554831
958566922 179116232
820231933 539300815
147019373 584040872
851946851 905034583
435456661 635178776
834541709 442464253
135400045 518597319
773709875 553774714
480161486 882594861
387438219 623189596
571782404 137486886
385163597 404005737
903303353 794498449
642066224 391707811
96269730 643895253
185858880 302256528
332392325 790211765
959284120 835559081
325481209 337224610
225387245 7418302
207228122 633576772
300811473 261913010
197803708 686856723
741391302 520683216
899559748 810639500
111357985 177821103
680863156 556494243
997318330 675123013
830666532 561919473
343201788 227435453
808198755 944279395
770455393 316305078
335973513 798081294
712784533 366220927
522423040 347818471
922307863 404969307
490981815 671233490
11624615 946086426
868978777 970621715
553596193 888390577
221665163 296339203
706427076 274709705
45521212 689036216
602330446 437898561
449003890 720764872
292966250 580567325
97890587 694931549
559429568 54735508
210158597 292463241
467073162 567187425
374035818 863757438
819402785 24374592
555264088 193415736
457224890 839414096
951008787 111404787
538210683 6166125
942617810 535133858
119086213 562689399
343194637 903132656
491839973 221923811
51050353 985685326
813418594 63626092
236040245 419543715
831059840 918801742
518338625 306009735
710421534 151056424
749918319 306713941
831631718 408705724
984276350 342670452
293443553 960234702
804231228 891808438
809854365 277831101
526208272 139568753
509162291 498871617
629157658 803850826
217676236 56707359
400652382 40595081
249669361 761980306
681059000 564010942
651387688 107245338
343726036 840731903
429450638 149203921
62560451 221241408
863788138 872751511
308194361 456534315
917163177 666030688
598063226 84830049
448547355 848173756
797904393 58056824
362390975 339637773
400877955 21260651
354157495 36173931
386616243 893746966
645747313 216078825
516326369 605730770
180308237 65120023
843816939 149987935
361652243 592472500
664157610 46842753
337121219 618021368
396228195 250275517
509791867 992504999
129321330 39235111
19485603 571743869
434471460 393266450
263410127 967603857
568582352 434034629
443634626 147904069
858949534 683496962
888058769 850590077
658459428 277027801
930636649 309431683
405874484 589630076
468712021 910797610
231871655 15480943
638010863 69542205
751421909 303496428
802667758 329205979
64127091 130817544
608781825 929068666
544636126 625530320
862105653 29513202
957326701 285251566
503258114 409223552
955273419 158841590
478973272 877490421
957514287 671804851
664865045 818198268
139390413 409357557
492323991 263470103
657922503 867459786
813677771 898975864
7032302 859870136
356187420 345833878
738137255 78456823
824135656 58379746
960274492 96929644
937975137 751137834
983808217 257766017
148716725 77395424
140482852 329715984
673342663 658631035
331187734 405325040
945949097 838431573
868194279 861685274
48726322 354850024
598296797 868360679
449363437 960861227
560219595 843575091
256404763 70315384
578214192 430239450
68375884 415358526
577035075 511426435
169144512 508798566
565112854 222098248
885937192 288859134
797841436 207136050
123516591 882500285
851746784 664345923
363225495 436544185
483726458 556520466
372427607 786550438
161101815 407310643
211121768 633465610
563577850 240759050
233864032 478245998
423601313 838492421
304107718 572896823
477523594 687855544
284328460 839707526
933316297 557092453
419603392 265224622
89783668 614197866
180739584 421901687
509756824 50172364
684739332 691412477
788823109 221436516
402577063 848122981
283939594 808420208
475269502 84679035
277045862 999614804
89652384 469362589
430801483 951199900
282507049 925842688
718059526 254672097
386039243 467651551
147144025 237043620
45063265 409213281
963803838 251174848
446298034 356906738
767971195 802648191
347729869 654170001
880451991 824626207
886082060 42850116
429754541 271980295
516917119 394062508
20989000 110402637
384741907 114630704
668006450 707226658
124161551 768919533
780533331 818723598
298602178 714343439
804103017 63372330
40873061 303727798
406814361 115527443
330945445 377677951
345868141 232451322
172486767 777687192
261047488 850148040
839655513 334007939
856730979 557976502
667120261 31826561
742542202 693096954
930951007 440416183
631806513 26326868
189099611 203162395
432159399 200326883
164305667 619955687
981330232 553446637
957328349 238912737
992908818 610250611
629025642 588985561
660754004 642253302
564881622 654262773
205630855 929713355
583673030 387453081
864668842 262408995
868965993 786378827
485115910 518487196
376450460 216257046
512544171 189250787
16306811 692126391
63890442 466164620
977665867 547848906
142090358 514100312
211228346 40066127
157142146 635134090
992153341 892778371
652716168 680290947
484825000 60765825
939559910 701240577
915636013 718588672
207737984 848256493
161987442 475479798
695502724 976536423
31514423 130914180
902398544 354552976
753376130 854597588
562788194 301565912
22564754 671946206
39068693 764764803
48794042 570770470
158409277 271221914
451620062 661691769
386846998 234129136
300317106 448902081
322809507 881656717
433191295 382383680
415688446 467824644
583432760 434473564
172885517 594853862
122598965 125018110
457096607 309067291
778483908 669478840
215055752 179982081
73964809 450319153
717646526 153439368
987687281 248863680
781306419 208478151
913134370 206529351
774580223 439830338
923529870 870886554
412991842 525884564
723297144 895053968
813809473 227225467
607490892 742236975
205668917 566673146
3437989 714478696
852095571 704356658
910342619 97850710
186845710 393920292
233005349 885324073
721768113 725197197
449273521 976178124
836454046 828293359
1322778 219876443
585728483 309834155
580286973 708356087
168244212 782264138
504690092 387347342
416425051 436679619
542933044 963039680
159900469 102510803
400620089 831586707
843534481 472252068
999719545 732106625
237590612 97190860
272514159 135108093
597724522 862432891
583005925 896600330
926530802 180070338
13744334 800065073
620549741 768230957
726907239 656967880
493974381 801526845
973175406 614291941
5311366 597138888
499284816 573547724
887390209 83258611
221055415 109778379
607541140 652852053
253731164 286080180
113553143 949747149
937372952 478625225
715973200 633651684
65206249 830879528
380826946 731748783
552078679 687194708
442526551 361991474
394671530 855350893
140444213 659276369
947793587 503244687
205200168 566753192
3686723 224235807
625663429 796130540
89874239 2050324
893927247 364062796
33514970 901151904
140134948 747506289
180946047 610012218
813424611 37406846
886886939 893316443
541874052 224971157
22466340 169049918
240594210 924663173
447611294 885031978
671871124 735025784
362025367 709165995
145395586 511740487
911820144 791194957
725428547 338760832
746132670 825541284
359682291 214371364
284257202 599854859
871558340 711205110
653811461 430706241
853265575 407331561
154873759 582035910
189328499 910294630
305769169 754258579
534282878 768562972
595421539 51247428
334547574 388788534
832769627 71529706
614188504 265607796
847036111 841447780
432436532 509302070
574428805 523768677
919120607 99176761
8038127 285767427
707161676 724548227
772233579 259282143
392889794 794806801
249015014 910251653
157267347 535016599
581777635 98385887
95118032 238012935
719611689 982093549
706784458 36271977
750219492 322547735
236947091 997881255
898118209 686090854
349182676 123781383
460551947 324608556
134899047 7958410
485055851 901806130
469896571 699415974
911783459 974826082
209661331 228949351
675621281 802594337
868471129 163012431
933388474 495435048
118270893 694977784
337413869 743372583
119077704 516075535
438173950 514909716
918990698 711854916
253172205 487049759
865575106 256522003
410742305 825707198
265471539 987088606
782548958 295273333
821643701 716909229
509848093 937536125
748872968 490497408
259361572 191051561
79306742 150936152
298887301 584391914
913986842 460259158
59880238 712991610
286816331 948759230
322461475 107228154
499974341 80242530
704288988 735757301
532101554 878329937
410503906 70921149
972801238 22621462
584472731 458891031
632300390 964438086
153488081 605977498
668671722 208055632
178020913 110344078
634336555 790597498
927338339 127632524
537646512 225012046
224787205 661115079
16105425 711197761
38658284 211085793
394373115 738170843
656877455 869047923
752891164 759839950
362545052 425666222
411431281 448999551
971023602 99934380
759827410 33657942
149026320 404211609
282688720 998463593
758579159 324983954
685085449 896022977
84009877 531919670
246586032 328687822
674882825 606920844
864105929 657193457
302795068 596169854
984051999 664533873
623140380 104310130
272522206 174243480
893778323 800978980
497541030 524351475
758483388 828162043
652090757 889721813
364877892 52010294
601050646 952024301
743878376 743429843
275308565 865657293
681242763 728963246
287905263 706580466
553225691 412253746
175810596 512860596
586920703 591188866
659857789 707285377
714617001 441691778
806932106 513302155
142839717 505490636
444365678 382863842
463039384 589847712
362076265 389609923
761062463 463213494
49909433 431984392
531380285 577314611
749369443 750801189
197993042 372405894
717117992 769380688
342335607 5232193
821119411 258065584
779316547 622735140
632851477 268375917
340869268 176125640
616036070 308663607
923218929 739166750
382829548 512340988
295481354 653101331
807941125 939107262
479191910 878528350
44692850 354588821
914338512 17828422
380035503 412835294
946518802 586885762
545316710 605287823
974447081 731020711
712248038 182589668
834103697 379900666
642504151 85923064
969812208 691886969
122588322 273387247
462287329 720000114
824094369 139666153
704342416 364909100
697451871 708517158
246780385 216081901
635095507 12913720
106417053 475444254
701825758 962390326
347502095 481737066
777919688 341480910
986371738 563497959
20387301 409585835
462496789 590383561
357691509 987570702
775637316 78521987
151828783 453335906
402674099 960618921
8264510 514170632
422524521 252186510
95282860 947546814
362221137 714389051
578897059 114716827
292961756 585971735
581915788 735591696
618116784 443338875
667443656 475182729
51752669 87835726
563944934 450572262
941457478 409475876
178902612 951567175
475523577 226936215
624009547 696411649
18618956 389247792
889956130 414003764
209416431 846834866
985855632 746563909
124258407 159093773
760599604 146058275
134807735 714489767
785281306 451331996
454345229 978508450
410280850 118407310
666123517 605254223
179753756 10769812
691609888 45546187
557075550 188820346
710099145 13602616
148004817 297324110
401132818 235144814
735294133 517493239
232628119 13040513
888891691 170731103
7330711 167266341
994079011 219308909
856030500 807184345
249763914 723135746
333915547 403509525
891282346 504585562
337939083 113343530
398485949 444316602
993552357 834689433
135649907 139924737
611593904 813969879
328447118 349702225
487273891 686631937
898653635 281301660
937402035 680823210
597616498 108249209
313911047 445168930
629053508 178994232
733156663 930626634
972832747 194536502
132260855 627320521
35907720 924914534
334323309 837379478
155108303 580453496
19181884 555503307
731419034 886707526
70411837 446572978
962982014 949819724
995070246 524855158
199920344 580242182
568471426 573585834
269621184 386495126
634394675 48793933
60066603 907604462
939114277 330819451
66111800 308847602
826816448 806757029
257016142 314512458
687316741 289423651
88539700 203620337
472566200 424159747
530272620 146616829
939045478 557627064
822964360 17580968
842746600 982656540
39660307 253464067
240788540 573546212
436153890 498592401
415656328 5171308
586273513 108592726
409738280 711374476
517704006 710863989
910920813 646397378
166838940 419120365
11304662 785755034
799976307 744261291
858253396 246918845
660648181 14639164
343517261 107612312
195087019 766620444
394154642 826326930
201750946 225421030
449007530 818505954
753794865 159518997
467229790 889952015
370086731 283022980
415928866 731668087
631605346 866615236
987819686 669057791
532896390 479246540
572866456 459206657
209710539 710957421
756228008 945779604
204583634 248200420
87408710 197277016
759574908 699952411
227456391 977308854
288542299 258522701
377568990 345573834
8846572 136354466
82865849 99406530
469192791 827577972
738379195 219944870
138747142 407729081
857638806 330331985
583682236 607242461
813768904 639204216
201031989 698452653
122333165 486955760
964894831 630913224
836788101 140895669
828882023 987574592
510395632 789063176
229799325 523037065
871814520 895347722
543587255 536879975
886228784 637296474
881372644 212648205
115195507 669031879
860622296 509074372
377221863 155401729
616582130 277512919
69670057 813022212
142995054 501195079
775167072 709309963
279135080 798804189
198406992 304071635
477085741 563154066
991090158 102268839
773101993 39043729
141468162 455332269
316503710 453136876
322889283 789948426
267608690 537947705
841512141 17465837
815414287 325644176
29119937 479233679
455653250 625018522
14206822 881551919
330913950 974885269
905675459 473162180
340768327 866289942
803738866 107361323
196007680 63388044
799058866 43976616
526807960 328671104
43697696 780356544
413994044 539527095
720609338 89310737
243633350 897685100
197477094 999209240
450442208 677829490
763779592 864546880
817161281 956935200
674552557 236277945
81233011 141494618
778628213 968598523
432248686 55217716
829049946 780816276
862622043 243706588
763006780 421068951
33674071 432220942
731726303 992294200
831145797 819306014
584150399 647187303
81865209 102487563
507510757 144775198
446758481 275243426
617589526 306380298
397236293 330727285
244494463 883981806
661428969 244458709
571362184 906538310
41513180 96291846
230323078 872138929
828092403 283744140
859354528 536013881
751420925 601335748
913685614 736770042
736953053 573717328
470716597 113232857
788827696 744255789
289906649 939652101
147535297 889089608
475835363 238575258
591394207 575631789
186285894 135271086
465064719 846904108
729680467 847319818
506399996 742012332
437865563 939803222
284649512 674137244
601175750 158556078
312476713 31233286
936883604 342587971
680973486 491013737
399047063 327074438
605715437 904547116
906709686 153211077
900114949 778233277
101102525 546104226
929806128 757519026
782858400 48969358
304265269 746819997
298930716 296414897
131641510 843971635
880559185 161851356
528281739 682626122
161101349 105452169
232935185 3069388
916059923 342023162
612851127 58336907
580124580 639783394
800039952 994001114
623496216 322895806
309844795 295445251
373774242 474823224
738692422 294069235
935124334 142625809
378754167 772369707
516800510 578653189
48929851 577129939
942385434 256020727
321826330 702027815
352280601 137615585
851723421 935091491
537331439 76639628
659309025 695462522
793886846 666066605
429451048 540048398
166711462 961403746
530901895 338155447
990987558 968716182
978079060 601496065
742354556 49809523
706737995 761652088
406194949 390860105
580154902 224266864
344915666 318489048
396404703 693740081
843520412 876174677
851792526 123711724
386527907 23916030
829536667 560379083
415662980 686430532
236136342 434831333
761204329 9878803
275315365 950183261
809832758 973602224
727611340 992894739
514719474 866292134
850589572 358776484
779306284 294953757
851922228 14906137
726125512 69010912
831624597 826438166
149781293 715959284
785852131 304830958
186776456 197756281
197644347 548454788
16081727 32756825
712241164 856517216
148515598 721409470
394419093 967122125
850135574 351880963
770012284 973403272
813162650 280415970
333306588 276432132
414314070 833176312
637359468 673314425
329607418 562241430
849059790 265340493
489446816 999661353
702755077 675358821
379808266 314123400
498054844 601041681
228627875 302308279
680954138 14350198
302845000 838489156
774349072 533260217
334227373 631415507
899855684 785597775
737729006 853667450
943857480 377588238
815420069 905337219
480589826 864446911
99879942 966216105
149727794 21335621
558836961 44801521
537920780 998792436
512210145 22802758
858061793 70557698
698842115 527154331
163125768 465003976
219325404 469465739
548121037 11530795
800677877 952961273
644611142 112865414
512158059 975623860
679347972 160210466
389753420 463086409
391915184 589435032
610938100 957012397
878425346 290969389
957651193 440333642
433177913 881940286
74735536 310345894
601787658 521742013
30607227 104797631
34408571 706148481
757163778 687199532
920412989 28107512
392247153 808199255
516944808 843224200
33530264 103147292
332126443 720483365
534502122 658429062
133752938 158750309
672867847 64372676
835471516 812487544
332160327 367814669
761830860 887884438
3640024 610305292
707535556 641668993
259272069 739660852
168701081 358779891
347556713 883333748
359123909 204229971
166877510 960886550
84409127 529380148
186677250 197186023
148852328 668877048
306900603 723952683
859144207 147088059
204037616 534036245
406315501 179568387
17669822 459563992
827484062 122544875
316158320 233824965
565874782 668257284
733538332 410401051
83938346 821811931
187917467 658850565
915081836 419968419
973925435 450560441
196658597 779874588
463585670 123812826
308268635 870126141
848249617 300347446
936476345 330031607
994038440 148987125
859200256 443116156
160285710 267303499
873159424 479360823
977109105 844794460
531164811 142166749
359385061 891798446
365420670 190661872
284536685 735730250
489810472 682219966
778905470 572535674
422828648 684397795
667479459 272385744
353499549 299884207
650715757 363938091
49777863 393068864
899953956 755129339
975877367 276209660
134151111 333650707
899830096 294193156
194825748 6770840
278368323 744506898
973088057 771019512
638491043 990402347
120165269 249289973
607861625 779200540
275886773 730314408
921292557 394841511
384795925 536995460
790341092 614130126
317682353 135317359
400830384 124404002
585878806 160702260
129546447 605795923
803428731 331393916
897603779 364433868
969060494 208701586
395619430 179229773
396063975 136436142
371225133 331625800
961921159 531671460
134153314 801451172
479478414 676371938
481954458 789887464
637696196 160181344
947833777 837217024
516743861 386534960
696894589 322342292
313714605 666243698
696782375 182436558
243835096 673255509
121501749 92346846
856860945 199067089
457041007 670494976
846726071 712021846
939632124 95587977
181093140 274823187
902157480 656224276
764150184 198799496
104378988 926605550
633906958 508280406
419050896 104280157
246979485 959841101
153258398 550029891
766042545 336947523
244408812 252114151
71486007 379291252
865183196 529015613
574486996 3984575
804669992 142199005
210045931 520022187
655399075 402168410
207535909 992160063
480921479 416452209
932026599 584755725
566325792 640128777
953187183 538544039
172353763 153070337
738893435 635491293
558672983 416484712
658790149 611726184
330408661 982909051
695164516 995466789
731404854 149880516
530868096 239226223
480045041 938111585
680381925 731518561
516904678 981817654
305322439 309626006
396673537 869895965
430221108 874959891
771699870 704318449
301895193 778639542
148224395 27042363
409304257 923310932
960747182 707532251
602191208 629566318
170502978 475495003
184701554 514053468
428446775 892059328
470627466 897784106
153974735 894133893
890518775 572860762
850896008 155547851
109692032 347783849
852139507 348504849
155141898 268587674
726622248 520232284
92028915 548204902
179216428 679190787
529117366 480042436
219174192 454170733
54277996 351929848
501946889 489668932
996693500 988447883
74719595 616832035
53551051 285552680
466393296 141762749
906447027 887170914
968915685 11420074
211188950 842311932
777298712 71595447
519425364 141604670
569790539 464287968
55971063 155735885
12826997 108450505
231275790 444976917
423517066 137896305
966703000 611147850
207565051 512231987
644689893 398406565
808655618 124653419
735485582 445489749
798534352 562342290
913808508 870561659
945042993 906289519
826323495 185365608
585675843 515243350
242129593 353665843
290248932 494853747
407855283 259405609
657499256 498655180
508081825 250301720
673835873 827817518
450605842 660071473
667148640 785432353
971305554 76186288
566461543 698078953
25001299 778990250
462594518 475489413
812759286 133810846
541288079 60156288
635601343 171683475
595502006 450438121
33588140 75947079
976090045 924154876
446408397 418084952
103839172 669950620
903496021 102465389
664015458 80762844
581865914 437428616
643313325 632817590
75974470 778807062
434660565 459513896
718731760 712148142
29449078 69152123
301859224 684925304
547667951 82800169
380203106 77782774
271819782 436881509
922225738 329110054
342771464 186936423
825043389 547549321
431233295 725833952
894059726 426870810
615595778 862983908
348398333 279014095
496212310 771728223
148274586 26018718
849725291 962223004
547903632 517236188
195854098 77306061
997800369 658329557
564535164 68734132
107158501 112380672
29195104 900344728
720318638 237941988
545299023 376128236
200037306 354152920
312158521 277146885
394982007 977135836
118796299 336671772
524006151 124826152
806639793 982236468
836413711 546246995
97266039 249294395
732496054 216950937
535490638 376890330
867604192 224980469
965125540 364114390
974416980 957365642
97408209 814727430
259179528 132967071
659941689 634400459
702448061 90279395
246670243 302204419
36091123 132562280
541402441 9056180
148397888 800635087
796792580 96454743
367810050 789540714
130364688 262351905
349929080 940897755
295958706 223843260
811426722 898075392
340958482 464117987
845440053 148254729
324504232 622057948
927697738 62265246
347957540 872539609
72517245 322101795
848887912 152330464
245887857 978154786
153442879 239682131
834557660 494405810
106405027 664025331
391670430 16646593
743778377 12088455
139804904 255064523
368483436 908901629
756609109 587390932
892951363 481510274
813997458 394455484
335199757 733938880
742359951 680921294
971000738 846643991
398365245 192068849
793616693 433701829
403015662 584102816
795498189 960600350
563940814 66091577
378051520 815376878
167419825 216687772
578649350 48262762
926326080 587031821
288103962 788776382
833903968 94410060
493185620 28473668
373942478 433807620
231533090 932455178
684443493 261372295
402526460 288004494
298339917 508335029
425922951 689595260
434302273 25055485
753456816 455292518
261770172 26930394
25414079 335566880
847673103 238391085
195320624 874151125
893177534 849051020
743933737 898631865
74075970 288271776
937516 612784696
763355405 609184998
91786348 886352203
103085555 852842517
107238866 810911586
978770348 632036787
527316786 903871743
709630834 193405071
280208628 669848774
880406185 476172737
946203536 709417996
986604833 164725779
807274296 205747635
481789111 311175613
502086021 851865411
788705462 69120650
490501918 956253449
948458667 306110287
737698051 797738263
260990548 308398830
701640804 291485753
720905019 201205299
809930521 666275619
902158169 103044834
291211865 85657396
645462747 537458917
916795800 304374764
251344771 52169749
650918662 186786768
706603269 99678658
135836838 594611055
920384769 827461380
72224000 454078515
650397000 114533825
138310087 923337034
420099807 371141298
1622964 733042421
337313218 368712469
257345570 473664234
202536618 367814394
532117994 107724593
910550068 818017381
827211353 78957056
121887029 694971977
857115918 925948599
186683840 205014903
446077269 163829511
423344051 773877659
6302176 373571243
575604200 564420671
377392520 569624497
428309964 22779280
113187503 618510127
430089001 526925154
246221770 696129821
581968529 238907262
475441151 465898651
220121806 374224147
161824582 126953707
519878353 506072886
192331857 679882171
308595347 846684836
894133621 441930414
341100481 116189283
835798185 181719918
871319942 313025706
538396377 746428913
244300050 654510902
81792671 844966091
139792307 525556938
29813266 909536556
128754646 891529455
302027196 764891512
596354090 395084627
512564158 677649580
528458956 437922060
923776106 405561301
507793367 984220149
886843920 144918206
216226065 911658488
297346723 909640564
886498280 420353335
904262320 950210624
284043837 453899553
894191338 929192422
651753987 427910717
758561408 770693117
560523155 67088183
206391893 84527675
234453824 469202998
869272013 92361286
849234482 661462583
608353500 134803707
323099511 227911651
354887630 209761387
42484471 668825292
411649608 505371409
547672682 743532699
531291045 885516612
201075356 409802553
110610360 608296645
475742427 136620374
682578392 927066273
300637463 537170939
640985850 902658255
43219608 414268104
745891241 787272993
119893113 51867218
298954858 211168522
842936048 717924670
812320473 633736634
824677050 50100620
742366352 92754733
847200375 760044324
465382219 108154249
347607292 173530187
755177455 903946703
682456981 514977622
104407900 864294343
735345386 957555316
399252649 528526215
670937095 543781529
900418583 638189405
387085091 368559327
331543731 915578481
390736078 189973266
43481317 835256551
286896852 33633164
476144575 726026325
803739085 778348602
884053714 535519662
41107994 340325744
776574383 730986033
278059330 77243060
297314647 561082108
915589114 16728988
598062093 186840742
273488643 37745393
906264557 746028875
167241315 144023196
409841380 676185934
998848611 530712743
400887074 358802644
627581320 753152530
253509482 635285971
5256178 727503003
17914266 19282394
591690238 604716257
376189741 187087870
117812632 114511230
192977582 73146819
64446029 181478280
153524777 619825075
120466799 418083141
773453533 985687222
249942344 526543611
497878373 11336217
505097523 175943022
267116944 638552215
892201056 525792209
899938271 592563844
34582236 36218505
766248933 472695990
768958515 158715705
95177092 705774896
523106878 483595061
457913747 970515998
995161395 858680716
649795916 179320398
372861337 51692620
506857822 262318454
874292715 356037282
624000145 100066948
279009447 248580929
902113331 571101963
204852659 434539347
289396554 165083505
294822506 884750279
469334245 533514628
120729817 918171879
780291382 834052391
539427850 821030319
332321123 401905174
563297925 549489264
418502619 283828745
36900488 318157444
744901792 935934576
1111776 923887773
376860918 618145923
527852612 744386525
474775631 991183773
531677407 108914315
431389736 785281770
375732978 488102211
788854375 48949429
885110183 562267757
866079118 604787281
42146672 134494460
538916659 384495821
978407895 28750555
80144852 716360967
504248402 358438568
379498541 470855142
703615673 262551485
222786896 615663760
348987559 839240594
859678505 836689462
68602561 945433924
469145635 558449006
968553569 459453683
416453430 594356778
230049396 939777062
548214565 316905636
105168146 766898831
753906976 820397035
366098877 911114935
583234306 869453376
568112349 469132110
444589324 857806563
146474313 431075820
901407928 286824721
372222473 581777542
581810569 17224350
120669337 390344696
413608392 120167892
724692436 55465397
59846314 894900319
802173635 875936110
412958243 584435283
120852214 443823871
638120469 395010754
170517283 249835014
790940034 538867855
121755432 657452064
985813726 474507642
558535313 11387921
405974368 440443085
257327118 938608227
474150885 940993571
653247961 25636189
658982412 307092966
987457056 720098141
857387755 387709746
904036637 842602660
60372549 807534336
623425807 365860805
456403335 17911128
514707764 474382549
740893386 978002358
475869464 762818475
605278385 665885595
886598352 111009290
337110806 94240320
548218579 878178700
945921319 676941961
108962996 230640974
621637079 891289780
803313284 631539748
357655501 183660605
551270290 663829030
402252253 241136778
169004058 593712071
191378344 81861660
930767420 355791845
500552755 378783458
983245646 134848263
618073029 208563644
859512454 615040146
705315706 595483408
65544752 43723433
843233925 205339910
948609757 435584451
61562411 295254803
950643610 492150100
774359137 781261829
845387807 383573463
703895978 426191328
239113844 750755348
371976210 551866939
849894737 285073711
2772276 997222194
992301889 980297991
699839160 952307055
46807171 826409783
71754907 190279740
235554878 259438300
297639883 196153222
952528861 470772631
407211720 391694741
507061155 939865768
514064388 897573154
573510530 660252357
245020829 371761569
815732498 617508154
694716720 314657844
342053303 756995071
301023187 771994762
340922639 998438579
665845470 699699263
521579340 570651968
809679103 335304971
616868374 203530729
435522247 508066878
827339554 332350516
683692498 239855755
621584743 97918209
612345902 348177124
697763441 839817889
661984803 818241182
96172675 55695131
278106103 795733549
745050167 464870487
767849928 275195093
357066241 437872457
570609986 975223062
676923793 683249941
628524534 164029802
990233575 137250693
35418990 90790580
201774652 669303915
183495004 380693695
372841634 264105428
354722172 935517841
847418720 282357038
874422036 346790848
132016894 650136851
398583277 149288823
609440328 944953912
278826488 876804622
194785469 65954031
61203457 793484441
542247333 111460409
847674338 19459973
22890398 546719539
681689816 667558017
207874309 157558256
767069644 129472930
52624089 3004671
235805223 526132104
563248703 141467488
582661859 853546319
710011146 663349565
329300510 240045319
523618327 710680931
866131670 221030304
163430647 375756139
810278799 954564516
293935483 24344941
722418823 552497144
582363555 37213850
979284372 343129387
652940537 952567120
184595492 171845887
146635492 731367549
734318528 504531053
833243031 784039416
347253831 751266373
462222691 534396211
78675322 518276909
786996269 378847901
404686775 532733229
154803214 879728884
697822633 626897309
721291122 328064900
797408464 236515069
696802435 102136657
320815198 200671054
590530865 630300029
985627961 108101249
529953423 763414304
913071447 827874342
103819483 967640718
544508526 810478755
602516768 780122379
598743426 364611789
623076999 384014152
952097430 328180943
242715532 48787905
622506586 40395868
732310646 263901792
398934861 100848499
441290445 722026106
670069750 922822174
998678325 104064161
553667615 5546833
628576048 987497261
508462343 470387697
762069614 470352427
824660246 656787080
160676019 67466376
607332815 522344459
421604721 155425002
984680138 572583160
606668961 68557999
809051063 891189200
514711404 900059316
431216883 508034869
991134833 643681175
664542062 273477636
124476174 771866848
660207046 78357434
578641515 329000067
753901918 336881679
644297499 440726076
994031697 908021655
102480088 960099426
317323938 645512559
724981863 414795756
811041722 215026333
806365631 43017086
200883873 400224849
295196555 522588076
973301950 382280892
958545255 311369460
250427224 832427948
545511239 850920464
279105323 523222054
870735005 833501903
661482470 932429745
8995049 346880294
555698152 68568125
61878288 889197109
336521661 748769752
984981132 270614059
81183293 455977793
281067723 212929199
945309968 113260170
685420566 382969809
823896685 328110760
876145687 516024208
790647476 654248493
221335746 500221088
729023257 649715696
102126849 859754026
170281924 581011189
155356218 288914162
580721498 633264881
971210184 211371338
679524469 95404760
204829803 706320031
158375810 113032568
943246485 529588475
897469609 949067119
427357158 363832284
428829999 255885102
517598240 941036522
570958686 292823767
441571214 390957542
971716647 252966339
681726883 597733624
814209687 59665473
827822717 757037916
784452394 766076431
59342038 75861429
748867329 961926617
659698584 3114374
203610373 940510993
481734197 295670450
561610037 83203207
82564512 472479791
197369061 389440916
569238922 41502910
65574273 379122414
84627897 892579740
67571487 706824602
733681570 74151844
713861383 811584658
675930327 64784388
600299061 948864656
899114 132798785
911836961 569911145
455763804 338263754
656403960 366370082
788118081 403962172
494283710 278721864
590648901 889664010
807071799 971038412
476400900 82961063
38427307 255236509
604174370 920112022
679392303 557319852
886716165 253208124
739001126 817386466
824939477 667765236
448291253 202198177
170501744 724201600
843076878 428609525
744701768 326446662
806760944 44717084
164974654 116695742
467585488 80949224
109039241 283840517
692380237 278182994
437876459 751109377
959397172 131572344
702131802 493555349
764541285 484087865
59483895 251330791
125360621 398389133
81109263 426188968
32625046 701694893
650409185 879356643
119862688 424505983
904098441 397591041
536959299 339334567
231829372 576968819
480355706 534713830
963570876 993877800
491582419 838214357
399545453 873398854
836772559 749520622
959323282 266212192
925575506 820678234
505751650 221996580
608372911 727869480
817236951 207380440
126413578 246016053
904972353 624837925
709165 42097314
103341614 82432362
211492664 346773047
717412692 92559152
431500941 129206132
539361725 998145341
507893798 567659385
488633807 129793975
281669503 46434945
577570129 666838311
450096329 432947577
451756198 227291863
209346970 851720415
580414986 237631385
668499258 374737719
245953239 991738433
68454509 717209778
999985772 530009799
631116056 693585566
924661221 591299516
555948044 620853139
912463520 460392530
172841672 169884509
850730373 104097103
356102858 560278468
603852103 872364306
816131650 977943302
159136525 586873212
515250124 348665272
433523117 443377717
436320895 7815874
871482161 24743638
645991222 392350553
38856643 439174089
639263288 105985804
878284294 486296906
826828150 921122137
485887214 798962518
565204961 432605302
662134891 142627697
88430048 888982399
72798572 924386673
362190022 210950970
724222306 35914981
610388589 859999857
431686591 115437615
89690608 225235605
968610878 544109874
758057225 451610534
259130286 43360354
719913967 486122318
17892311 790167625
880912559 645247654
322971620 448100476
355555409 440275406
152404462 741296783
71505239 85214923
523498739 664451659
58645967 726038120
902410768 207270298
339429227 895456096
33236783 426943795
114902647 661194653
877956842 835618230
762930801 115162978
690432949 108237851
657457891 845088334
424172267 662958396
466110442 28448563
282572753 853498931
170712556 983248621
966809426 561108650
708741525 600298969
234960082 623517267
780515868 35280595
159674270 736591958
268759352 663252859
837478181 543297685
377276489 18827751
868554042 402830751
143572457 304154314
79534874 961125953
661646223 507431608
158056657 22234527
758071238 858629374
172000920 783006005
497346442 431807739
698255468 771761518
150347758 499675915
141288193 850124075
864883117 811761610
938106607 134573702
508035899 761831337
97505249 330782631
66848694 717983759
749521108 424602122
393571569 149575683
741029063 981796686
228169890 420108353
304701995 746180077
378024761 539652989
117547674 316870741
110327517 946051076
550997883 936061625
148260441 655207217
727685686 447473635
743864168 910600580
462364591 173183952
838423099 606809964
397995816 641502
735574684 828590110
489425785 181796700
132106998 840330403
166393258 342739335
424079541 257919040
862028935 534059331
139032403 59083044
685798702 867897968
723332512 363266748
457699886 244143477
852232539 400070574
159451322 116468150
472121228 128827660
922010325 846798543
355563131 78312143
115126172 759724336
499792395 811554428
46295474 400315462
985310399 51601017
902634334 114843103
463285442 125985573
14547599 592159959
539955043 926099097
829701532 350149467
65450483 649152774
70379978 218198460
80367768 595131164
841669229 783126815
585199417 170979458
884368034 118421115
147431651 619748072
745960429 444703960
266933794 559619301
222506938 830165263
708025928 997701476
947455420 582236962
465232228 212072757
659453859 119673963
720580062 243574173
678032168 819803587
473954442 889282590
147337438 51577981
805318132 534820737
505626362 556933310
813216731 588665435
864929072 880063989
271947430 661073050
523324502 858644972
260773264 438634395
2793824 973357978
721639432 386035320
929763855 629760800
577219420 692507950
778485410 308485646
846258468 154799960
688151351 580569213
359804657 294959770
326170599 236622407
344845674 682428134
917236299 787184093
948993405 122920834
612650194 753986022
117060539 569999331
902659411 184287866
982363620 250204908
73623635 637201086
975637840 971799855
332031865 804528440
177404613 759228568
632320540 127768782
479184455 174182398
866095681 787644755
898153968 366603401
61167213 946366818
167408655 782533700
237962977 972298013
510047594 330795471
833439195 878764224
565588686 501863842
293756986 300573481
41365970 443380062
164388063 933444690
665564877 408773480
898272292 347869992
854104714 979091528
228187173 854374749
959920233 376561257
334240137 377224319
549043271 601494836
212907597 927709246
962289128 341833054
940052589 291897528
645196433 287651893
269870509 690766235
170852894 263590234
3781779 371918370
923164214 399223266
163463082 755811019
616527068 72846410
479486097 22224289
527056230 929991537
119485882 242087031
115083441 43377156
658495619 984940028
863429273 507363590
67300680 966127789
418280199 810830474
459158551 693671712
52265542 584419153
323792185 287127119
741297816 874418895
265812180 744119403
891212213 31179372
53353790 32421346
291320339 201573643
443600998 92410627
933047920 682150124
828039481 739182856
870632386 551294250
312960556 735806073
889613599 164966100
736131554 108842824
872602081 70558733
25574515 84696850
962637413 313083928
649412564 806023904
580785849 375172779
762976520 613819719
220965813 710695705
332260475 363811675
262085276 811648315
971869149 376364231
879202983 133300195
998352805 670768332
644163696 335021403
33569010 422950935
336957389 116560528
589315189 205213165
723113454 566377541
412388951 456291991
77509329 224801077
967116405 733950872
66205989 400829443
207587952 525235763
46635843 155277252
535099334 851022837
123219445 496182333
313944317 137119412
372963465 525598561
520902044 23055041
432535564 639598253
996849709 277188146
507620405 763852777
778131463 839459458
140297063 139538645
111361286 983111008
251551256 472895393
260460105 839835600
433933776 871028607
706271166 558347342
162519998 662815534
823252439 329263305
162597268 88356845
257303805 41720868
530308754 255233609
445662133 973736413
739386363 48133887
617129810 561982707
609213865 695468031
64796189 858375845
313283046 520806155
227281386 845383780
733564834 17048846
539413077 522015773
202757045 301178978
649762871 25644966
969036734 559752868
962551103 458315855
660013483 928161276
587132695 148294261
891286656 271681416
52797478 298600143
447195386 982965323
188370347 980449748
722244729 555869114
560318283 983891495
606500379 917211729
735846735 138189883
786625779 812647346
423637908 428628550
541566101 323012242
690652974 752815484
196470681 639648350
893333563 42679384
625460373 387764828
373648426 8084935
577600216 571481786
749830273 553303599
834318127 415699905
637466562 403791006
892797493 56417907
638733504 903844388
283731706 2826114
449235639 642190271
414982804 402196356
213828769 874873688
926330965 908627898
651658996 466412210
930466048 336397057
359128056 313445024
375714716 267941497
956733488 748440627
954878822 809528373
916185252 542245915
940708072 898556830
347619814 421064685
297280551 257184253
136914523 160750221
216247216 913561946
785239576 246157052
602194520 94262643
660329782 295184755
218479278 477837273
404880914 464018739
18599738 315569028
828119792 486448715
104639103 672717424
321641420 69737589
278238626 748199656
155967264 556523182
743175365 143192118
794053324 371359774
126318298 997034947
933684321 70312448
72391490 42335809
988538232 911697754
839230851 681855123
669700507 649375480
971065345 732495582
743166295 951294849
82888649 56865028
357828992 970560098
66686504 178613998
867036429 88501256
77962504 141578157
991307194 599872557
408439121 680141136
610863637 899518709
552694636 23950537
47262401 372759256
200263200 927899665
154164938 461380488
922648412 851945097
633973636 614280353
697070060 82068230
394656897 500949470
586529234 95058404
170166982 482202493
570870208 813641926
262837483 184548877
312127298 465812213
250048606 757309649
762367638 649613501
455084855 968033419
285175085 897584475
277391790 286856270
762247267 988493758
282299789 947941094
42855936 189569816
648210922 559097628
293238132 90588167
803885830 671290200
441793503 683478401
844531673 425183678
55647837 810100930
372275946 302773004
86611974 223521313
746923746 676691288
975418984 263873168
738831939 963925499
784515060 921357553
172070421 964425937
21570558 103327245
746518646 569960300
564054919 634935171
698239825 630572571
940377717 140028602
179812475 867676567
417680672 660834307
106509371 714155108
967522492 318440285
349032076 469807799
725343864 64962558
110321800 530420954
67015285 16448557
363498691 109104371
713749692 266298413
783503729 952821520
118495481 19405736
905503030 772221594
226130132 725479358
584878417 511208336
884800062 232804887
501026610 540002803
158023669 8658989
973435694 608503543
596023068 356608308
606645963 891898380
15053361 451901245
497451090 806809379
706856076 61440279
231144355 942791869
962951221 376943378
587047642 30607510
406336689 649896960
703338383 722681751
486487612 353113063
844184856 660413425
407119430 412521892
550482140 660053930
434207404 119366274
201600511 973341207
424600774 204365874
919152326 558764816
321732093 2882176
41772559 818326504
36677471 240678006
973991407 206612113
945071661 7538206
172913390 861503939
159826937 143198214
956378374 215455821
235558266 894740406
679939572 488321418
600644311 672076846
687649506 107012171
991976695 96011117
132490212 531994822
451072015 945612958
108976110 326436599
347711527 7426439
98082466 357663982
687499369 461925137
809010381 309584836
437056125 214300953
951668057 70047671
659456783 302588692
143007309 40114604
391205138 922847641
722872617 614317540
741581270 253339181
991774205 552357319
34066023 377005947
924288181 701691279
865468701 131373794
110956377 52680527
183337444 726205975
569036346 949305279
307567631 124046498
133479923 107087962
171281405 602686623
434946682 81396402
416868128 473607478
887873435 273061260
443036896 665577546
201154317 21896895
719329433 509911527
983350407 882978009
446217099 706425112
36734696 321058150
172613127 673544659
221716786 69273037
644664134 302358437
771841387 602022267
501993056 152577160
552577228 797196223
473969393 106636648
404844071 102460241
331155227 387912026
101319844 401774257
862328073 147224981
758867007 833134640
861174667 349396854
728053054 565511788
163623667 975232657
283537073 872642626
52773227 926782454
206524394 829440279
876169820 960329501
53752198 603155829
888917636 166111731
387866668 675780627
494513792 983701755
483169798 127997553
529554707 729644668
910005308 794437668
428910045 329646670
278953471 189491955
29250085 162292902
810269439 515306562
841462949 436590465
858702854 811328424
809302837 805583667
575552124 423631151
77488072 547970627
514734504 977851921
724056796 906754746
779525431 747727934
309778905 893157485
78514360 309262484
457882112 464222854
205614763 59592794
91112838 984594718
63122815 753506011
411806191 418184258
77262656 288524739
870646651 568098689
26611243 374396045
462719193 440074877
637193996 968862006
925144812 148548561
783222912 74264976
593553898 90566408
648719962 362393343
920014854 510029967
357518030 540993509
943115806 80375055
463752835 688252178
388325639 877553440
642257932 336869318
770148430 830905468
716495352 481975187
180726726 614832045
243213427 550667132
539747988 702740465
204118011 239673047
367976825 319795351
224141812 339669605
159096365 815226245
778509448 375046144
869920745 348506018
905948191 161240696
588451725 925581982
813112384 905402978
444661124 925310987
304774801 551722013
981506069 223646570
292081465 977034425
796549000 45062964
857197023 222792637
322513186 393789805
975396182 135328156
330384892 796878453
296142420 4701022
882302469 664078424
221483550 499920167
226946696 14698616
710671473 710923364
961066824 198254477
179006997 234686640
844672976 408837047
484820208 307384893
756359461 17783392
130042184 45938963
54900056 980298154
496100202 986431273
359392426 330265725
84963161 188141588
200959936 656128788
976259893 865987558
673165717 267166924
140684574 996828396
494649866 561930790
342769185 61343121
16411824 388822980
602838756 550201048
597441060 556050645
595930402 346464387
922790943 355930153
963034315 551901731
516484337 564106672
489607444 9642954
352029674 792952834
173844288 211819265
92522228 669170678
172355208 112952513
328002125 609636175
218570036 604971249
401280634 367734331
982565107 72199630
729565765 309969518
56538512 591390253
306996354 48806761
434485247 744023026
219137562 13230893
163223756 129108049
15479174 374458100
902572372 280061479
625932731 787901018
483984502 363735665
686820721 393505855
72787523 712983017
428056323 981818849
335565965 328038400
561515178 92016668
601052618 230822556
365262026 171488832
54124128 923016009
621452036 435107682
402061071 102074289
427256483 116059016
928084056 445323291
549855801 275172870
517046955 722045640
204120126 405339415
807367551 419652767
906653949 18679339
163369047 348056612
772401379 809602118
403882623 214586988
675072297 543970665
886998616 287062035
206839839 782009390
951410965 609131300
514814992 431712322
648384363 32865188
959388751 470332798
330676359 907273954
147812564 419513302
781953088 458794329
787705039 678080610
622299147 611392076
520231230 371231114
941233787 207930027
958731999 58074325
943984524 450770211
304919765 311576974
907417544 263930825
419965156 739108628
177104746 974567258
905874699 623389022
610934698 940217139
595278984 661397068
654171467 440579029
844509347 94616288
448300722 586636128
978672489 668562380
598447004 900872667
214076835 413830687
495114994 604697774
732444356 131443638
260313963 260178335
562360162 908158576
32167782 137116196
101931103 212480231
76686968 219766897
481063928 655116449
175406737 574588977
953968055 4855822
661600463 363014277
689028809 97904973
755152631 243537177
182840572 512100292
731981572 230588621
386528542 954522371
891168930 950198989
370349946 414321182
347910961 211782309
128238879 519301469
367584342 994247743
896290966 479677792
111653769 234866071
883055736 693703441
568780429 283061623
377817072 4160022
970052021 361476009
673764334 325268345
317048553 279033
569874534 399782562
389651015 879443901
551268448 632454922
282886854 628772289
360563733 218181429
489583921 497387011
341643701 166666794
955687610 572285005
362020720 558101676
666067805 271357596
60978135 771764028
590272530 43268515
804299870 947687724
55438329 940719113
113208180 416160910
343973682 758873590
252406915 318997970
993466386 165992304
140104863 548867585
331785568 505700569
795375315 826298547
576810279 508995653
233419234 261878221
527351602 844336236
743315879 256950901
790488772 474116848
652564981 155884884
512673134 389673975
563037879 52824770
48734754 943415703
477207164 972559278
955362392 504374746
999198867 634439800
207354960 865713925
837952366 583061321
31933639 505971644
477788578 302464019
277710154 126236249
520336837 842903796
446009735 968576180
621746789 509106192
630160849 885888883
158587156 542850900
371377880 213563353
392475336 325445436
892863453 824856716
939579477 44682248
910150353 867688184
555162271 31861245
829037182 47775495
754765997 669336736
521485287 19347556
857994562 737561674
160643712 623825300
92736477 780830841
254270508 746106233
320817379 881282199
573921239 451704761
816307401 450325471
863719867 622685882
526021462 907486749
563143106 653115002
341034206 891370098
141040447 274769979
505449720 142990495
223904430 241712460
367775080 650742344
34946884 949069146
643464342 31739342
11268539 58449071
570419551 706272767
674652442 338211748
810563300 378839957
186715398 983201124
468850221 48178711
109149165 277671132
890485165 696181930
512511084 946421951
239410577 507882776
180887510 810339783
117119415 673340546
288046583 275112397
625274805 243093089
622355718 20815424
513352214 107064302
892648899 612493825
695877072 101822971
978439190 219550140
674812225 15526618
503698797 697848737
139476120 50496111
939334616 635969010
236809379 137015500
689110584 550210336
191082200 901444991
880047165 363080468
557917823 739392724
946454764 98488485
885761938 68453347
888629497 789864112
376272564 124836764
236166687 387294207
317237552 662044569
191882492 269129535
193777414 151612586
407922846 32171595
67524263 591575902
898839497 38837688
308943631 978238385
414485999 124111563
134236627 631203958
75376408 242381106
502024306 540337543
384231770 416625682
65855589 983308658
618382610 350604664
698279841 689642534
382438215 690330612
180751752 296004083
857237014 581732191
58335717 446778639
322224816 60747254
214498906 876080561
516781175 982991338
381951693 605019077
52426721 101808211
455352606 38447071
544492218 339134274
543232619 385928554
600514175 284858632
915316696 69751481
892705768 71083964
297205181 210949889
423099650 996692374
528102489 176854541
633714711 444245220
207055526 21885079
841667869 562713843
584814924 231426184
604341928 598911769
105105126 520802215
818096549 740720610
325238859 324435254
378653714 832397241
906855085 574115368
447030526 188580317
651906779 740797998
555766653 652213099
345639245 787158682
696479937 881197214
58423670 35144416
104305168 114236380
342817290 334087332
416729630 881696776
368013570 270854299
113871052 141870605
836757035 630730460
977464289 462880332
260164970 960172663
515093865 624447535
520926686 997495019
419602664 532407780
392810090 67022038
206382751 891177044
96161891 454192086
479432026 449956134
393830285 961027083
659263066 258880248
925180780 475878589
426363236 941954409
721331001 705464244
223922236 583412889
647496548 31914337
23052828 285058842
663601037 646837586
175331451 976449527
521100175 244777999
204729417 745187881
697270341 298443473
886202652 675437331
573870243 169930901
431173176 556719165
587917400 791771127
408268443 547944385
181273639 261408522
992445253 434260506
786044100 220987490
441079753 334202410
286103709 922965303
330161165 291524809
807945532 548007457
109600741 282061038
873887555 692052436
429949087 3012781
412036622 794997150
506987374 934845385
464484761 88145396
223252792 278778821
100530415 329951333
875173546 502006963
547074000 353382147
276647538 997840466
419494802 138978605
261127343 372784126
845982518 550230655
373837346 162973667
672729537 376517145
596326526 503159962
44659453 957704802
517021388 51879477
65482187 570155395
526986241 643083614
457698720 578015484
358883242 389159929
207519653 466906901
582453098 99104517
95430989 666469009
548906003 33108139
606511559 834897059
463643518 609064906
227634792 720294779
552989643 582665744
646803569 338890745
165053283 668110153
134438800 185793673
975039148 389616450
187308297 394119580
960478923 112616935
