4770
656396141 874021179
95623395 612220852
164782287 26206214
833717065 344057109
189888071 104618364
221015331 585464678
917818594 153989548
968981006 967730663
902939473 602702979
54095003 371701065
404103324 573242665
424825669 90358683
243840999 194198860
13731591 420088220
708276652 880368030
827314344 138743112
7461187 272788113
314647620 876082488
229282945 212073181
893353292 973008147
658624885 386357430
402044887 515813843
544216568 315326905
606952949 358363564
46709308 425836336
622728659 734116671
321423584 159064738
670719653 585510784
999217685 639357402
447156379 607189649
928554927 631045795
262431027 57590064
878748291 764893072
804000713 562988114
413134949 807330702
678205896 547978676
157132640 1067683
996335465 489304150
676612364 493825914
391848850 120898441
77113519 686619239
391147827 803015820
653759733 85097571
905462080 348501980
177975704 205978462
500206409 180061216
982325447 142924945
173984583 539185832
861315276 525635522
843086531 555014571
282899785 414744425
718833557 581021907
675701678 804616082
298289427 540443137
372094526 295395623
445946673 23520874
64952626 420991718
524552124 810380182
68503289 518903779
359152323 868141365
845590064 175860724
36520410 880888015
268871095 483242072
217388004 754172779
800223441 275687085
740579041 736105441
896267530 772566475
758885507 708364553
385946592 838471142
487576795 999110665
801968394 462858416
132734700 31556523
526014347 411525567
249140006 889062896
648245620 425060918
247866729 363653754
981792591 264805984
353130884 302189507
144857254 290488933
632283456 969818060
267157982 997845109
874788753 417755690
32119143 730852239
929082843 257230437
929689691 887133370
218281097 277734423
604968300 791527269
390950908 39842497
774324503 9351172
345127055 57445047
603879494 494343177
535597739 216532315
168909331 154031149
642914640 359164342
482230798 418887293
892086579 687825330
749572642 243428952
850999613 683796641
841229547 908113341
749394783 882613040
587997349 234575042
362179104 225994663
243962714 770107075
727843854 558847519
832842888 312059995
979735137 311318847
621258630 80427326
802109683 563227161
396969891 852059122
187355007 947317731
61691330 958210436
602601324 371315627
541693067 905052861
624464466 965990775
588566735 697600533
571931098 654420421
728745143 641662287
801086347 102347184
265154626 762392071
849268328 378386360
564377270 662840541
191163683 145500959
240606372 481404157
385683239 134408288
177870848 243175991
947089998 173565831
376103513 228730330
912991108 736582364
547008486 546655714
20615669 794968863
120062276 254858748
918644317 429170442
944953070 617615242
203502580 164901762
581607394 327903484
78050460 871723160
497995684 577536953
317827504 658246811
933800039 653837144
488122941 481153834
459068571 181533716
986350941 500814320
770830613 23388011
860932399 670492895
34621682 702497091
673082313 555338556
57592701 617192996
85401404 782434448
188764702 833858162
225251505 148378105
670611075 738166442
5949728 380613758
615992556 389479136
958908414 912463730
490036893 840721302
384833806 736450533
894080843 588787376
191432881 221234879
208868419 580299477
862119746 642622891
831391262 669765854
795601709 389396911
791777268 782042208
231295366 511145997
747589312 160700148
908351012 957994940
581135776 123515892
87086710 417032001
209776180 989291759
538477442 711307862
985803479 345228570
307415766 396669259
954458885 854743645
42922900 433585510
236855734 466835847
41912036 771886240
53157993 880044864
625521814 210051383
823819035 816983984
687799158 162658630
83926305 970469373
270773685 245970362
404608698 614762855
89913846 162743060
642774510 645890903
866327105 931924290
834849100 863081623
208901520 122408145
438703091 79922591
550603732 579729032
409914068 65988300
588281242 881114795
454451872 888001578
496930692 190288432
622548862 264758182
804662516 714557832
838767769 493030512
784419641 455865859
188630013 82954317
985822799 910178830
582220860 609891210
130664220 992442618
545527897 791597013
355157262 76736624
545454066 492255758
174116690 315070031
123686200 248378742
436479624 845430793
491045996 81562622
814890993 693106463
733895287 936609245
904432880 261052956
393704087 127392614
952148196 830689980
227654063 789884239
11895793 302585815
41266707 53243558
490163969 95843839
466822887 388974115
238851043 269328420
218571723 603478742
429001565 637341247
685205782 926859977
852924263 673477679
994322506 413293371
979362169 841595667
320544587 681154366
996893151 83866397
2431522 737379116
894172395 650160162
840590422 99652974
337483667 134029801
56276694 589366718
633685705 709495577
927965502 988472714
352906400 362615138
561492689 504559574
32861302 417595176
635731806 982314388
986802892 861191118
549395502 551741817
523745973 247220747
374347815 44134892
14848030 893548519
792958256 831755230
385355535 307114330
990766614 134589627
140203445 779383115
811795045 929982544
690199179 991457877
526412932 368825270
989448662 834530505
3969826 189930966
491222308 37827779
752333002 566856074
500840666 469434760
566304079 366420374
194492697 34519380
196471607 129574646
818798289 40201884
417333752 576226157
663047940 931592886
175027097 738977988
493556185 275789444
882811758 819875773
648067190 308772896
434696474 301292964
114173673 491897802
870235565 535206906
921475065 84833796
5208241 112184886
963725157 247194605
453785587 168569635
531663763 530322509
918185616 720441045
436979929 775132383
162043721 617772987
217684024 381873599
686931837 912811610
128049603 52466442
73834340 844790752
224989571 212305765
712254445 932342969
540770839 79393513
256967464 223963519
777425647 170557156
539578408 726043688
653471605 57419908
803971957 606993077
494230162 814919137
155871401 787257223
635129233 168467906
147085084 228222862
292338563 723461486
200025444 517509695
644339735 314325813
179447607 612239675
364733100 685276980
128923231 578430654
710159519 834377255
679059748 462348637
403526046 277910584
169829801 811105976
387040732 713839694
396246444 600996432
475416439 102737743
237511396 990141608
23987797 783709676
806135223 789034896
253402714 810753559
216692319 853583110
818135850 160865561
590534780 660285932
31152154 140919690
841834327 135279290
112226184 51048569
96578629 347292107
105622265 704737383
534904876 807858613
481041146 597407383
229892918 552245159
19605941 259019099
791325794 238030711
983615720 793701271
165217274 395060070
298805480 155653119
490828308 355852304
592262462 729129204
77815422 326311873
46751517 900868176
895691147 751909939
421564113 81017647
472984795 595415885
275749890 518146504
95536043 46402110
901850758 864710472
235838317 798432231
963555047 459967174
325751008 666905234
740194706 483781158
295280902 921394804
116526998 416528403
829184370 149204375
696420801 133945528
58493860 357549124
928157767 562634547
609530298 286366213
875487402 329568147
681405999 404885987
233872191 183600490
920381679 46973302
376137565 590529574
797753619 636783883
292047836 894434395
900163076 50755430
353515133 989934416
23121750 182373257
989851949 809218357
255479201 791273509
948184274 931618989
27845978 978530017
177838670 432464761
473614564 886961179
564129737 833249577
791765552 640240041
328044566 599998342
608696471 144926918
84296575 360975972
716288020 596611570
506236307 895066708
844025936 460140106
107799075 598664954
752822974 450920514
691956858 610644526
925802992 223563210
392319741 916963411
406107686 497425805
552059772 270036982
225364600 603778116
155609705 61551899
161959017 679280248
280881490 228506110
271216906 449795562
351468011 371779684
434267225 648904674
342484406 36249562
15994212 429275577
574713113 704089751
172702140 304071729
680656806 388128052
28977651 668670878
378710331 255193172
435677384 787238339
206563550 584049547
851517363 753127022
626899874 731251221
983614058 107435112
258484549 983452441
588132247 713701897
409048466 793353638
39809992 898637146
318576857 716229916
551428995 688730724
4123268 528054362
675462318 289920831
516357232 186448796
399456594 62972820
69975387 767391540
923308688 523642033
515235935 217475548
971431049 142707502
163506621 275112866
556935938 127017635
842503903 169763
646069633 358524987
765169048 849420843
197743168 263737107
152934738 974165788
85685438 796066538
685557037 947676682
24338231 209213199
458007256 150012825
775945860 505412338
918413891 538043701
442854536 722492832
30616193 227057217
195364963 950797203
33277734 36351574
884382504 681900142
89802219 820620495
226367304 193223614
350408221 543488940
967874765 584275469
663362437 953850570
59747947 115642972
461743403 468411927
375769884 709480176
720608958 818277218
328187115 493093083
669111159 111110319
333702711 901121895
912320674 45223060
708826135 580314632
563084234 667621594
687239338 886562848
699425523 829646235
424159926 182446417
128690914 464086067
370079674 67339096
526725988 423989921
384914138 141873408
148508024 185001112
41496117 545868295
276839508 510498866
308559173 674780773
230095935 48332009
512946773 266639357
936308689 603459101
450546398 265301950
631517766 754213432
562970967 541720932
534692627 885524861
921268614 335134678
922167992 69491016
988863012 818394661
795161499 975967252
89332459 868769295
15592566 145953725
487587854 565042591
435635855 544690546
789582157 73999947
266936078 761630740
919116668 473752482
498458125 342266254
672606444 105259564
910734667 594924516
717381132 260627752
534870287 104757886
884647616 149817797
325479274 979685713
154935101 943344464
822227874 206635329
727807596 520026181
939264829 229080001
94933486 758900449
946362640 442980821
102168729 876383013
195028534 276024254
919723030 668073904
358239818 670321392
150600870 345447954
624472871 240923048
592147212 49902842
677405504 959138829
978492444 807081279
24242578 606971624
352072462 849965804
712134811 934963004
767482286 190868521
951696359 339482334
250619434 891374758
329394661 629196884
178715255 167343055
828069397 321506750
789154029 91604420
116892972 873841604
783511927 863483965
713036229 631767431
663348494 625540577
516716005 313779522
786843593 419789376
141527377 679144821
880801023 403269253
746250570 175034906
799280355 836203235
864398409 958149966
206932189 811950490
565485708 810095570
788650021 436065262
801058693 105859639
988338240 443514102
103641520 332771145
228373083 148672592
112192630 485433088
157164946 727333037
40438064 661543073
850700799 404775738
878135607 262032860
123629890 872009473
161483145 598796326
291802010 974948168
647972771 655211612
103666292 41061588
483340127 671489555
693417335 711248131
841222946 712013604
44396606 263032152
371190383 317192745
753075495 394037930
189263902 94102144
927381074 823988591
934409279 346844750
859847363 921409253
163825254 577646924
173455606 864826345
178527055 622052554
269985314 831189105
711503931 291345553
788216979 521548780
20287816 573250164
393345012 422836250
519395401 456844980
637511007 999734822
630190093 51715828
818599600 822423536
380127203 395265571
583240705 357305727
346490186 351348700
988766576 249193670
594364039 596927074
390207449 191436363
413320859 766102219
12083426 69200088
148068068 298070307
554985384 891381711
267842127 150483681
896983996 900323647
358723092 262803672
167294128 852229998
43693896 275445973
282157251 433823278
656389450 275205728
79502674 576725949
749197941 325910779
902260776 28259266
387543978 230367209
512861058 395518995
396451395 472465411
512666708 153530650
666163609 888027399
253737263 68428073
760628148 39066126
286572904 751336341
198564909 233965375
538395203 940758219
321188016 473094737
383781238 907370079
198757927 932396658
514818577 521848605
806258356 138951235
227347577 742681144
704314427 701031867
377129281 689969432
307232698 174154911
325421075 997549293
26413194 642036176
128806907 334657863
947706379 813797425
834453859 309429756
70177131 601097710
52745180 216078208
607388865 932985657
26897184 288687651
207698045 93841033
236937491 26431704
581198352 578469096
831938260 377315641
9196341 783877666
729144857 482551368
769285934 989924408
287140254 152494980
922627652 136438761
718603445 457446753
632579698 245404640
66274679 663831599
665538823 411775155
747516595 82350173
24164932 723057438
588596423 885527294
506786676 10429819
993307624 671678691
20193213 727845246
498085833 945539644
594733538 992921150
585961443 452407638
151020782 895135176
897571787 964500742
182357707 614249954
891114223 124565358
441871243 531250510
707996485 480864265
41461596 751884155
565406152 255367468
220775747 836228353
937364577 404524302
112773158 656691594
631511046 939091625
388473432 963996418
191930210 644938289
903213246 457202788
334895726 138326491
10372718 352556803
453127539 714218113
73305992 280016493
896889759 206433193
109195042 389133549
549542885 948808097
912213846 920126835
285788106 959670881
59748098 614695089
210860562 358079658
962319242 551378105
227931293 417349775
688945170 787043391
839776515 62572925
954249421 448294971
792587063 877336918
213838802 996930347
501965191 856693557
72899834 255663650
931328572 764772433
316253236 547300553
308763585 719948781
765344864 684718338
211457464 841524820
820699367 273839377
643062778 819190169
629084809 57586462
272494474 259773533
217321436 12072994
276017519 638756062
801252077 235261829
676128308 41969015
189258360 346000237
447091590 466308298
134639036 33069864
193547081 355297598
954467235 291078249
242520911 788429618
491923041 154810466
454055197 562806844
570644320 229095090
495425062 189193825
591874780 660799383
873271616 281498261
748221122 596154395
204224677 728541812
754607059 79017596
660256250 174195483
798661177 327484512
87550054 368548882
925081382 849019795
516889264 621721475
879758889 933850288
401332723 620141637
78960936 481029449
989004916 52055950
165213195 170048768
188210970 257935714
565772854 296246580
914541220 126704695
927742448 836013042
595470367 722017771
950027530 38078988
903271544 864763214
588244565 629662041
28135738 52304716
406835559 395154584
76531569 842837463
464646204 954082904
132504635 416030851
30081833 629597928
819551574 701522324
644236433 784622380
445058531 187055091
44113817 849308717
656555803 21829131
83928323 490649736
492824783 549377986
518983097 885873730
863366399 919712870
285036190 169106131
786436777 797490091
169331349 175262438
864903976 40485163
781193866 293283086
698355380 554368686
287272880 92687925
947948820 833905074
709345680 389585323
91151172 666726298
12799388 325676332
672489382 6600931
510823713 617492422
81993524 794234715
539252474 569289775
446320393 938538059
426987634 424689859
705826508 190287635
119501569 718548631
984025235 210161067
656053255 864513057
165033964 143823102
186552883 233686972
468931703 875970127
804283289 105228910
520514682 76501514
219031168 963386631
464577584 343552779
378599536 42774919
490115232 898299657
954705386 466151862
477015905 703273109
633844206 166682575
312611525 99186899
247084536 184883401
82686891 262471642
678677771 362002230
488442440 97701353
202839599 600304991
597712757 559228265
804725877 34273803
82666042 363536306
86114308 943063933
733673315 524540834
60165885 622960848
660159009 725614781
855791310 138939267
584657861 21246869
894356948 427991157
312996593 551621775
912301382 861608477
56622242 216050768
619987461 100597061
909266137 977661376
550398223 119173897
664306889 209261122
777267975 131024751
940900378 305274168
838872173 981207786
546618290 999407460
947200800 737093807
784061491 282129728
786158003 217985031
927431701 719905086
334394461 294532657
403831831 614736425
120968065 99302285
968966412 985574369
444879115 272674589
162981533 540620978
116262147 117496961
832525699 647557404
917101176 40484373
159966563 399265568
571723306 662853860
977953163 186006874
881172995 799527333
344416298 531124993
12040839 539509644
42715773 248725585
30826794 789792129
636481286 750391204
413536028 105660685
893098359 436091897
690646394 869756406
138452366 300051406
430514657 231615254
184181780 637474195
357927276 457925559
698435573 973773346
449858474 571012368
612040332 947241977
814608971 88399462
782261828 850431416
782974340 552660245
346210433 937499089
349026212 430387492
108331811 47071309
943673524 433343832
286116886 652465496
859327702 428299670
407672592 763073612
582108889 611254331
888680677 64461103
868369320 57296342
370530476 418195895
962013675 351043861
536198801 389928252
288571849 472376884
16786467 7517168
874115997 36581805
750979190 922044346
149882491 465806826
880488293 304192463
255757984 676650423
830204687 191210506
536690982 975403598
812414636 389868710
238803262 679576505
46923230 196918120
558849583 587845457
869064952 506442369
917959960 426512519
21219756 564273973
943297218 638362878
85621081 566482341
774042898 296990447
699542684 882579250
216222429 17141941
257330071 53860316
750078017 435615321
937588199 514075248
476529036 138615336
768694724 80999561
898240639 450993031
243965154 853218858
364442548 268420663
373365415 856004748
694159985 888765018
477204579 377813784
407895599 462086481
360756614 551829320
981360464 234095076
429138650 308749815
854143972 995711691
192874898 442401997
453027126 874072923
537410790 888333440
421105446 529588532
161500548 300394120
919735882 12438718
127235592 159452738
639427369 543093380
463235041 363682906
407492243 488904006
355450508 887881544
354838538 350713252
525284642 386504976
335131791 703954231
331019158 179765636
880860775 951359292
824569762 875273499
250805190 719438808
602934097 748366058
814805118 699990479
827954400 29832064
363447696 752537826
987709452 422649312
815826049 325882656
726738306 306446731
769843740 226467009
934629312 345083144
99573564 211817373
768888018 48777588
450591092 516174281
752369399 763463097
365605664 556258002
879619790 281360400
472737267 95070648
536752141 195134458
6396354 561303982
599011920 489050314
996201345 600995613
261681864 79773752
390468698 993282857
213777885 236722788
372557647 920330434
323395683 307005064
886995077 685163308
129349839 203129248
357349248 821396243
377030955 829589681
339971424 52009871
896586658 886111467
998895469 401740233
213799221 52113401
723346706 340383744
449750171 669673584
523217713 78268576
501066637 5476434
820346578 137724689
121499860 593216015
76187543 133090893
814782846 17716720
203497334 392531643
735005855 70897305
576516289 443034840
577042908 453663540
200115018 23307280
534387106 15625512
176984692 861118171
76037142 129730821
355749304 929813318
638290983 537598395
280063917 871573643
215593814 432505063
162027166 661424905
770193957 302654443
34127202 347455433
444564168 251672822
755345384 112907208
127554901 923938083
908688229 637780393
972587004 63967930
889480041 333696391
905288239 655035246
922904026 710856990
544004001 930426339
799604772 141313559
647946618 460159198
917016757 639483253
676254532 429815064
782619273 263633524
57222778 269894861
343962265 777633887
715271741 57575613
452073399 351984829
510507123 542907016
482104264 53702047
68507311 961456097
436194910 284155537
274726356 975141151
139995807 160824483
174596323 706066060
856910021 188973072
159210359 863816828
179676354 521490979
875213022 721359469
261057945 545074023
193155994 72565638
843725477 825998447
629660328 883210386
694543069 878794866
131896861 147627728
296407625 171034293
131022241 820044116
22890248 93658799
9479898 419973196
727159199 736237297
801017389 915584922
531776781 630948781
977869570 184889712
403328303 423721859
939896520 450813321
413323518 215830069
284451710 95331913
778777804 732424248
919919907 68394874
387769038 628781269
449596922 200330907
365036960 717548406
661212156 519636482
554649441 164877183
419358053 723133822
198260732 574679660
999795669 218759312
593360123 725931374
536811776 106181041
823860690 204746060
928757161 692965578
388678069 59313338
328026096 109697752
897938685 138589458
518787342 739895783
586082993 844788647
926243019 137145628
601774813 681722771
758307860 934249249
538671651 386170284
157548963 755085534
784710354 157233047
259071229 608853171
883484843 487921234
313435794 334743227
318174110 613297851
975801348 295943925
841407989 719052267
574357844 433197939
811336282 833264480
118018587 274777011
340507764 963742407
611308340 949934897
650721194 788184355
551119511 137304983
991654434 940105898
834647282 438670441
546731464 295719698
608731390 520927303
882002105 563192562
371702179 769951542
378259372 917329072
774627413 691095225
640576894 873686938
914761023 504280237
224917798 505955845
37262895 631980789
184091011 448826582
669066898 942284074
271525629 10006997
444302025 225729740
8221289 221654448
443399794 646560482
753546225 626321422
412287341 625513966
971892446 861918110
182584798 196170830
733659461 711079050
930536335 270868378
696862296 835834458
716412220 763529162
502467628 143329699
974123704 373054945
446702292 184212795
43305673 550217950
233022377 922288416
28893943 90053022
366936809 818457399
667519590 917198433
797375236 165891201
581522128 91577309
238457311 95251562
356882559 269985734
721874111 946156994
572832281 331511185
909265291 185005542
562996093 527880166
83211247 19484800
823659354 95917306
273547960 219314578
42553726 109717273
509288243 919052777
407091639 655163739
149757343 881082884
963878928 475301848
462867647 432090183
138269047 360754311
104782079 577614910
732649780 35871345
579822895 827807622
932551043 610560350
597686868 660362349
282080497 85895962
43955283 905593568
302357584 191186251
939962149 854163402
602707934 478407379
514901517 619654721
149249600 479903389
872639062 553407310
481192397 410556194
300070468 193212272
826807790 664267662
208807903 740331344
896481895 128190299
82800090 544265103
520101135 329672566
103786136 762589994
339059806 679666300
959226454 605274206
965434500 313770004
754364264 754842716
71186839 279875770
449553528 947381230
598288861 209384945
822153539 372270065
681513000 181343799
565548648 65060109
710754551 32875666
781615361 839879404
601613786 71295454
923305323 608518618
816575457 121975756
626978877 194216720
239147905 814589005
119965461 240983114
943793597 529091347
783379103 373724702
98285316 304239751
618205392 877190745
546552121 397152555
759618316 915116424
73950391 86780976
135815098 854423103
959696171 822976537
185633074 938818340
85920085 130709320
182583377 961443383
907538781 164707422
731476846 369506674
222073956 276823193
118829677 509850642
189120003 778632990
65400587 344235856
319388558 783673111
851436806 97846427
563673614 535071304
534926501 71667366
132040244 501370856
336140575 722101833
115372686 479822257
550850398 933975182
50903274 369575379
628506610 511724304
320018540 935472646
570553718 423381932
817280163 224695849
936581751 302543683
2944382 664092355
369183351 990427794
588761901 452058288
45862696 621825699
702937316 10165864
259522596 337685561
925797391 83836956
150922735 685222118
536818935 403836759
612155582 416134435
615342040 258914211
628750366 35472022
280606369 773573897
63772337 232274265
6608841 292635477
430178248 205982858
729341812 158479425
785316925 827859885
706811831 393935312
16624990 820982448
596395332 164773079
129506353 562934152
978419495 79808549
755735891 91109495
227061386 375280375
489000123 995568493
724309983 908348110
917916999 567988147
633043582 380870651
466270816 5917127
536536517 19290582
481091933 841809953
991654547 784731186
977378994 264400412
731357629 714410363
848446727 319857229
243877838 783597522
450351952 261049705
751701772 705261343
782522789 101688791
548392544 695635083
822191605 62763424
380355433 224621889
165596653 785995806
494601356 872993939
626244633 171812346
191631381 945240107
118366379 100481682
370986409 814638607
181266567 640111335
770858188 774571043
359852955 583895151
696398026 554127185
1033670 709566719
807341593 669041586
204904844 92539265
981468576 185583426
977401033 667415598
124880907 679547955
268543090 446562152
532203080 555871672
779184056 146858024
206394703 276141882
343706561 575210065
314001534 553560539
236485930 13902215
293805240 399129046
961153940 771945756
621838820 579536507
652323953 435310325
745090681 664489486
309068389 724647370
261807498 223909146
520348911 351744878
339037068 11749599
703022712 299609173
380736565 241434193
24744781 493694591
294662079 22961149
518269467 639026996
731775849 976358435
754147823 30573783
297739497 516118634
671305474 50119203
370400037 414986076
944714146 513373839
556940728 681004663
412575406 591407949
972350725 440515769
902344105 909455182
644078404 536228677
387712254 430021968
474619474 300313060
352705851 724800316
54047548 804924652
287619282 161989346
632525017 618586169
736202878 729977288
142194350 511799822
644037330 967631345
717193267 147221979
449197708 998249302
696718158 545672387
941285726 361982049
686815310 233918537
937530093 507929410
372487393 885253077
583955687 547326413
897339793 586947263
728522643 287048355
940171325 378160384
967124284 424225238
271084950 104768778
902509049 134636608
917944027 982209519
486811428 786752344
567704944 841739177
304022896 758590298
378739071 990202252
805929861 355622729
987169849 711442540
955342429 604204198
411534913 497362643
302979894 805350098
371862308 645923341
140831107 170193734
937787825 491712716
336427020 453421603
523181600 736127316
328749453 589670548
754340825 274995725
659035439 71796559
365712608 96441288
651273857 720798884
605665462 482886334
240151736 577482061
466816033 702376426
205523976 593341661
801717331 832523863
200077980 64901855
962501862 775133316
663611767 119163185
70795945 402275670
343069369 871159735
942596899 641979621
168247255 295378247
986121903 223984490
329709764 831843263
511834997 191501182
210068222 419342249
321470996 308171162
473883723 783550677
521556285 642850528
1909682 185647440
604001682 107135799
376789298 684082430
434633401 580143759
766071231 858726140
439444620 121972167
120996862 441270976
299934755 426416326
924582837 707171425
151746965 6800003
234086362 64986244
630240065 191339238
584570026 155785710
346749054 72009520
584717965 917754294
632312124 528070492
827696398 895395232
218661262 695904073
649200259 992378881
445661795 229351303
399037953 589798127
420184943 974173877
746966773 181587121
939960124 615105443
872341580 122286631
82119700 810696419
766535282 289108885
709468510 538365676
740779580 583912659
815171036 831733907
194701521 666858003
189448957 287434802
73333204 581073509
789699060 376037557
769083638 713259889
671139722 129874001
184676745 955099554
32334805 277988531
398945130 114010628
680011365 637442356
936522412 716891205
263693961 544442177
626776124 792362626
547838935 176639348
846696628 323482703
749847082 668092887
116272901 871447319
779122713 121536640
592247374 797266564
619133478 53274473
513022080 5849753
340617312 529988867
41395226 43480315
162888383 343379398
347703151 64640733
172397715 674348239
778113645 340390861
15330005 134819511
356510592 508509560
901029490 60982422
654354939 432634227
191912186 850658725
429190203 49936828
67078029 43019524
788359184 735292318
596198083 179399364
211104644 574599330
54701738 918467632
137782524 79073847
271057026 174655111
475970229 350461732
217981729 663481645
77086550 568511501
817502179 488384770
778992542 396364681
258471910 371488526
454821065 960131855
241909711 465216943
439783321 113900547
983245905 163668540
753947156 311717820
153062960 539211566
745775904 48099112
160003051 410436268
723203798 847426068
843388265 154049300
450106538 360363592
135843853 45881560
279651571 785356264
298741019 896174932
310035994 968630468
753992055 801095175
618374218 287391213
705388495 189284238
274675423 32564301
538581961 872269
687420559 437665886
573662501 182759324
14878617 976525767
224354033 967310014
417013959 698441105
179121972 973367802
822739405 252799151
572001215 713878904
726179489 636423884
80515177 358452806
396697869 260753787
43463546 706443562
7772347 900210244
354920420 620290914
440687912 600663713
292332328 971154792
715287804 960275048
374862709 752005212
38837991 726734871
487209158 251164087
657684109 527439995
901121981 30771364
172911943 477601
38500804 51772473
588589702 149065760
572026195 494287944
443027968 970990884
90524783 523462609
319479192 718196095
278377415 142891162
298982417 680610968
681091497 299498135
852075304 627449914
112475974 650899710
949986449 897755774
850349475 283915657
296043417 171867765
19276901 460498531
872125057 487444071
208017383 711365874
110782960 635836197
26550983 178478793
700847104 798905041
878876053 535824972
613008113 706965972
127860933 998451429
919236677 481738398
228239812 471788981
805652255 32953420
352738081 982048189
106338680 410971344
920043769 813000583
767621120 694645713
771278004 643010097
168554777 585663655
303497592 885166576
958778115 444822655
574784519 325469800
275588621 263840734
972201040 906012545
392511739 748829719
569376555 945426668
41278096 228182547
303205151 720163915
385714254 328195280
674252807 150191710
477048900 773491032
98683952 44690198
152600264 311962112
439740611 262652574
564831423 982903114
834012127 115045953
883970459 860176615
154012114 219981607
531948315 240955726
357021396 749014636
294751949 310165757
562792925 708516877
703170330 341400266
295429341 239932361
188532684 504801804
70634466 796201478
996535779 186512680
936504460 640016379
855398046 546706995
283904999 177458064
286579445 601895437
129839290 68773432
859717448 583009639
555626484 26585154
642855368 902154959
575406351 397150040
219964130 544894911
825824438 755241583
882319610 899390359
679173001 177161120
644383926 375014653
260315471 69584246
701379825 238292004
752774476 5005310
9473497 316721496
700003445 694891471
133248444 541184326
497144655 477474681
535466834 774155436
792494555 75830331
987787081 225139141
390904543 194223248
61272250 848722039
38476122 753404602
587110349 210216388
646225296 858358938
431467797 234720971
961948051 580281798
907988479 230022756
922377994 621200626
502007690 827567746
986884447 581186196
333574781 952810874
415897622 466434396
166094185 694457611
823352489 142823296
115342551 330465558
964352651 939152874
632180438 147462864
897395466 915890783
755378228 43921391
945501758 821101861
427024461 749030197
667634750 362185684
135869416 955261134
873771097 97713289
757730961 202694164
675102921 968288406
861292866 164896946
174618830 741092009
415453705 906736557
619843373 916426965
344099179 458167089
953996374 555482963
582966375 3988280
825004743 225110297
117972181 633091928
319960550 6729651
429143996 531502405
618102413 755231177
426185702 33316809
487990477 482715092
539979033 255334199
848906686 341938678
921579883 277479253
935730330 318717166
5028360 900793042
564450856 52115372
894309332 660350573
701472411 794390160
789998907 390183781
520294532 56268646
501017206 980228605
347013405 853136758
548020345 491678039
352747328 805962444
337873636 894418302
164412487 833855540
521751312 935760262
814625975 481893679
916028552 458331747
845307445 227319519
341527641 151336691
548624519 964860253
489533805 880340534
101166461 999741109
573640799 676672378
982893371 270074766
587151696 375379339
877126451 650798205
959840813 963149378
511514385 583730668
463480060 45149889
180138839 309977070
181962567 298422526
514565748 256483348
756766058 975214917
640077374 30348554
966837989 214089989
714014025 553250440
364264915 741292153
578054249 962057075
546717237 613247290
83629777 225988077
559684704 949061541
869764175 354648097
237941437 585819569
253103085 588234338
742877181 720187645
126385993 387956973
366032855 981566288
588414971 469907588
456618376 360626696
917060270 884621482
159184608 535869487
263538113 614269404
232641652 375599194
555609583 688879810
845523211 182296721
343712587 703915234
479418208 108462398
678739220 407951176
499940355 679899578
569893128 941720377
204390735 118998219
968720837 487671506
328864003 649236329
513862730 945866842
817536052 79705018
775588897 941977211
427849122 915601739
141212567 654939481
165475382 74782706
558873566 802753338
599338470 67788369
746212398 97922491
194774140 53816769
156740086 630928799
952726022 222923201
100446802 261541192
376669521 236810776
602174478 131483045
963361425 641892891
162936674 832615542
474992452 882862690
465666715 809691516
665208662 382628859
545247629 64298379
569591816 209940046
461385391 812097530
537383993 314795924
191437093 259429952
188753799 968886690
165130067 173305931
205138341 94290535
969776113 901323690
590090011 942228479
169002316 362967851
427299718 288851822
955596374 109650157
873118785 214472746
514360469 765416452
232566057 919524316
212361948 696776211
336761994 12503230
155860201 436068630
937978316 889461494
941036771 64473896
976803854 154203145
254539733 702696605
395037052 250897338
582811560 455940141
3646061 258551964
385146354 129204219
334374609 657471216
419848884 384493724
663437048 316366093
626448352 854875169
997797268 703076797
970341245 642342281
441609437 429586075
209525778 644149943
789330566 657625725
809369538 171793576
338363721 342853316
137958241 322020465
438333374 40348825
315776965 686590590
964043348 904701582
65499914 174945463
537947732 802817731
772623015 326133296
673363548 580837567
994269045 482240589
139486543 74110537
889659925 390299261
538423230 649963708
385612602 276615528
783676518 493378271
78316695 781237797
976305689 756645067
302276382 695410870
764521398 278791441
122359978 939740073
742235688 373615735
963883756 333696171
848393122 202717596
861343295 78132737
917695288 888751595
299645815 239901973
300491866 838138700
273078635 550185287
464264514 466140259
893959574 405468604
672719127 541890954
406299268 604340239
649883794 912639502
813694228 925481949
949035973 475984719
506593467 966709397
899358806 393017989
684779055 838740133
336465509 427891954
74695079 697769502
908982077 73032125
901716205 14126618
11292860 298861421
103237408 882469957
526943708 923528364
813421386 877520332
55822892 770352526
553585445 766184805
173250495 965823312
507414791 443103436
795285647 563851373
79134881 442509257
493772064 395919895
558942899 79768357
587576496 552364819
206099063 564788270
918397032 557091453
21101299 723056500
820678732 757875158
437330931 140188824
685431458 419270662
251929548 599249655
365950869 676093942
760362672 129725358
249694353 303412233
396203128 728294186
280356008 835274401
254469286 507622909
760117059 991977069
529631878 471629923
127635030 226652521
386358359 28790769
400449967 198017921
441944036 110227147
294203569 737739583
384880344 93864354
29528342 400052049
692674106 246399875
542295739 429398733
131592120 553545389
335018763 544290782
434073287 825774192
401500434 55463286
817373939 42193945
255719423 507819481
654928190 152503430
325309854 466714580
144131504 815848099
956862199 976513014
111494925 393003948
423790276 141363989
761521676 853199115
81508996 478861010
47771093 975922604
848249419 194212411
6019701 318533931
436078572 160491552
412357045 50597463
863353833 415687125
595827121 486214115
988593818 666903247
851527771 220713554
260032127 299052595
665587437 64786565
671170501 123962501
464964547 996625986
566625499 447102457
779069914 182455383
361683894 119084529
805874200 576006008
90529109 803684135
355923727 570500017
993947461 387873590
180585227 995824551
915260003 887664279
742181383 566372495
770130607 10051425
53405422 902801916
6885965 153939835
928215063 905917927
783127521 683350567
284794341 874995862
994146056 637968105
885950596 908226008
371192907 498152066
435171770 678707292
201817964 130019468
293876559 274002258
10700661 883374215
388143596 120079133
120581094 713487069
331305510 289682857
362518204 550087690
797879580 975507272
124643466 348887857
151859701 340523663
782183108 89455692
63503798 939403410
744582972 607040294
286932208 991349084
225639487 582417208
488116521 346972613
865603201 278201973
473895248 706655855
578953710 700539185
236534298 291582170
443554172 534240298
7734661 368354218
859629468 243146925
875924767 947259813
729104445 757437110
918365627 17186934
374174408 739915305
214801816 994157964
338873737 944163989
754160211 914979797
571390735 315787603
387601442 441432536
493454567 704701500
169797472 650141101
485593967 783165423
248863740 798134205
941816389 17842938
835411124 620053448
884320161 631504081
863901508 32780159
707499376 244834758
740223849 442917412
532639706 763153318
875764338 219282334
898878302 305002985
923936440 604961210
287506938 748844560
147425822 692543114
808766281 404936166
334879 639311454
516602454 715155276
262130615 639912679
911294466 993822215
401985942 838470966
756400106 587357542
70382311 38084329
8023671 90945486
780442315 585236625
985695535 781892554
473947617 836127706
195530649 993883338
951361339 80734290
938406271 136700173
527875241 755193049
970084466 497729937
502014518 750258226
254065618 493844549
293622031 300977123
720527143 124002672
966196014 355884083
12215907 691126269
100913683 166496237
243159064 225412808
139149812 377897841
876229754 734431694
404194037 713559000
882123501 415097428
598739567 223998026
931250733 562462895
402320980 178903289
294169468 308562745
996932225 506303541
297819070 967428926
692372055 351979507
903847825 49365830
827384073 651779566
941933732 408244537
742058285 313717567
499327742 557027437
631727632 19514892
309309250 121854208
151474498 320459541
500161318 598209764
222488389 522797985
295138773 122220385
443742716 802219472
76066668 98506414
286311714 618266266
126566075 736508606
94563799 703156130
943346532 299712747
324701148 217405144
773739946 572302902
715376271 869779531
508141 739227722
966298373 929560555
247121686 474452998
897056057 155803781
853540262 696140470
562436374 253163762
904068869 821372255
547397484 452816734
115666263 101563249
629485899 678604784
863731759 795035317
803555034 695511264
698698352 771867169
355519047 820114036
548883242 600526781
575018695 195528487
599291415 215997846
606967176 521412875
979616873 121611799
297171238 396797646
271049698 393790776
98339533 960932196
529332885 37467931
850398850 610136222
337010343 283802777
691513572 172320191
19366132 86995323
728829778 846877524
931158694 490670694
852345136 94358380
642507233 871255744
235621898 100394801
70819261 709715021
169883140 111915525
69030422 482622897
473078350 907382514
354273418 108532056
88844748 959572029
599260036 730673201
762979986 532231603
869017765 155622421
392991952 798404161
233318111 122460619
866201451 331808934
391105694 869333311
345689979 132703598
398799240 848395762
211445664 324173841
289700727 416915027
239658685 350058391
691929693 522659197
109697753 933366367
444009150 942205108
809983467 968872774
753106181 838620940
823785740 434396236
270085933 522397625
292435632 533032779
16495195 326248312
702401556 919648689
707706359 944998451
77132655 571171211
447059873 765425279
779575508 499603084
4725449 688170597
156762249 785317939
390985720 318389648
965590718 28445634
227827963 55809625
262826891 780029191
161490194 83315996
920915622 970430829
142319417 459096002
372575000 735742105
499013550 543722413
994904077 848792416
176589079 20269786
913763146 384537439
96536182 19903082
23273131 987334925
108280810 491905735
941321667 962764172
970933448 922229995
667505894 295867129
497226260 707480260
901446588 440459966
615866118 725792503
277871678 311279743
632371840 404364583
137961465 600432604
773009093 74659191
991097385 130823399
453119917 120939817
230237825 232887076
717654607 875759200
305873173 122006321
333749239 55356242
518191926 177389473
333290766 788560890
13552146 575479020
935945221 289378851
792106846 968845578
584121514 816528838
953666082 723078321
45506266 554311745
91951897 211524328
130894540 949808759
66803012 103329069
941908228 513146050
894953779 771314193
588667766 364098329
100394148 201010461
682185696 709577133
220289988 343556524
749803458 607651322
451721250 861776021
654068902 542842077
158614366 283430253
997288683 504889422
874720949 941921794
673920233 7035469
438794517 134645770
435368730 662242804
93872577 312266403
264068289 223713868
804818599 338813687
213101834 106827753
565767340 415469061
565678885 468461342
193642471 229165484
597990511 459212793
660717751 89840605
444295752 578320081
981045014 771830885
710901943 838355642
941092312 969197581
222358482 184928176
911230952 150626527
711187961 537921339
956058661 18442382
542503617 27147314
113115848 982325338
919084863 181587473
932368900 369709016
541810820 638997903
46757410 788095875
1736593 530025693
426679103 335109882
18679761 265168545
689725704 998298015
196652403 652517999
435897187 203402303
747915376 231850493
4413893 683999602
42447017 678735058
173207779 213659097
922531367 459791212
263828747 966538498
505930648 286833772
897882756 787688255
980917314 712813848
740360698 249566017
832249794 869573467
910766048 147424004
516557350 579611343
12781003 902167970
689311755 391540337
35718551 291429763
82900366 789054189
820231861 26628597
946417875 971029975
658482442 726061922
763099855 535873899
650146378 916092701
277514853 158545111
107166748 684346698
961790207 733288156
145539420 254174881
346503590 749755337
682736875 33281108
921784868 998596801
497482661 766001713
409525325 834164464
939285618 302162551
321240974 952494901
821293917 857583730
451564923 757815590
145263086 132395943
618966824 260171301
748691596 490362503
850974995 153707356
358196751 726957310
629544473 279011062
121049765 76696596
419686832 463186518
857916797 755971630
359357223 674057125
502690838 809879750
759369019 803212710
105187453 730854297
794891336 232592792
216945656 487808459
503126443 685020895
2795054 597355254
280382433 751615235
482014841 134734888
343872372 971534618
534811927 269126632
863519372 738689571
918817273 205778066
839851974 63287512
47911920 171382261
551869607 940536901
891185417 176342420
343214735 66652323
379827647 929960934
45568923 294532322
463095864 864361855
539161769 558790231
730938183 23070433
162915581 535417478
635180886 954835312
107692014 297630309
580464053 984088683
578147620 821476755
880622198 433308750
379972809 827832463
701744414 196262954
942193979 104713351
757305642 527501556
74150986 945109349
673629782 767491821
307311866 557130945
200867705 750019670
786129297 991567206
235887517 675271668
284419690 340351990
241561458 376647336
459977630 813933488
385434810 925681051
234516939 759641522
551911895 995848186
137723283 368237295
177982952 282319151
525676103 492927437
455688204 135021175
852921018 82329258
740878602 514240543
384759388 552749300
52670130 202563923
523385011 459323276
552786024 525513760
836646549 607078537
388637568 839822676
229692056 19361881
797210301 603523527
131177811 101397956
139657203 154447272
132284432 931719402
146463028 3116038
608812803 983016430
266184697 666616789
718551762 461668038
250345542 394179653
554214244 280870046
369483919 715569941
974791326 528920257
352890728 573392919
322120745 376960533
446007335 566303950
242923954 361521473
707996641 904318232
549003375 433054104
875064060 519809868
194321350 519789145
967625062 783606854
675076686 69363322
200652306 749125937
24811079 435386887
276680615 345372309
876087840 33372804
751781786 919374685
669577524 283004803
478773407 369279479
109520909 808342154
149640150 887585426
17223936 226737861
210797197 399781813
201142876 502103678
859151859 158901585
729561565 155404023
844988841 979040903
294028591 761356247
18933960 15924390
48357964 33099705
515868052 788082662
782325480 253201716
932232824 526606821
346884922 452242508
551767491 155651587
279663013 727972454
822002961 322026768
505272983 7057154
824849881 640170467
776052242 529955350
462790502 455167398
685839672 371240601
643073007 49873542
833071394 165417547
967790971 137262127
821630816 204300124
282991138 768759761
96783724 620627396
839827625 555641215
799229436 674643132
700679978 203180826
477649186 258730528
897986389 697106588
644872361 850164582
644286929 268482804
731754497 346157966
218963024 24884659
698772535 440207359
198443637 863639996
638204788 745117755
782373299 823446781
492358615 380551908
855373635 316394402
689241416 599808424
106061803 360460140
618410766 330341043
967738820 873635829
44971185 572197994
536808219 968020673
36621635 180225069
992629281 606933575
292786046 352422006
217927552 18046251
582401448 871152947
309198296 233983188
872763801 360073761
75294809 267451868
779497107 793643697
49199230 104505981
331270598 814763219
361871406 96211633
429077200 707893574
703645653 847523129
64122222 432371452
345181948 279926010
135245366 825121314
718589711 570436283
397231859 269103926
105883270 96476987
987142964 125271078
977199363 703883929
927184087 519796819
98542908 330508434
305339016 120102671
862463997 329160598
758715626 663251354
264958019 70401789
658473713 647438691
724151096 247897777
565109566 952007853
766422563 466989282
156539270 529855482
782400780 733813983
23906702 443507056
664920786 312242715
882450032 123790420
596269893 186779594
654599693 345944037
377307086 637861493
384130937 563230335
898997037 29607258
388714432 473456147
490362214 884735544
398881138 426960980
504249924 645135444
234382581 754221205
463784616 393985888
160985004 504638610
627961299 184201833
703125833 85976307
707043602 222708673
519457909 956260471
915163800 834222794
790285392 28407807
930857541 684469361
322051158 584438969
278287695 857274799
455636216 738364159
172598062 851524920
113032852 550985314
390961421 200987237
568692517 438523148
542210630 353437877
683634614 785158090
28470060 511691819
702422536 264753630
709430821 23508202
993951407 304636718
351628887 672934447
520317668 753936876
818204694 445416813
295522568 599520097
487650056 613778986
479517790 227340964
989692740 16314280
129219636 742050771
701700331 606893959
935956506 492802137
874145750 447270306
215467244 765552832
55580297 247848269
863147276 2373147
703380879 604557460
177447863 294326044
988927909 885144582
677796323 428586549
670688476 880143220
703239265 95350000
486389627 962232422
741660810 231524967
151711 485574981
733958392 565493302
608278989 60391125
466511187 217395976
935633352 408764876
739380421 936085759
358628873 920787706
278513012 825815486
804565347 204800799
248570648 435884935
463345599 186900263
485813266 220912413
212676694 868512891
703371272 635799627
501379815 747618821
527843924 195354297
372635868 129373261
788376268 504697890
281786829 259274721
423490062 33890316
507715877 151779379
415431745 250979873
613612519 171517362
523563812 351836001
333280915 259210432
604309993 367025768
819608400 587981345
873240427 13065647
920887965 838664206
539971932 180025862
836921587 546953965
147737550 764329008
15007992 178771840
962069174 499566786
800232511 186256460
595169333 552504815
702580063 752386704
572127033 825508848
516329544 230775377
174413343 640568978
830605921 826470435
736171785 79390462
437809733 299136595
314865449 453748672
714552841 30892859
360380913 83676547
233491743 819331387
287357608 149238302
151371006 508489104
744047627 569794762
460817224 447942170
767375203 312418127
410596120 421790417
808786594 782178682
758943531 799571372
853165811 666572315
519058354 87647994
603806665 329117643
73363965 280451964
140379347 592564295
334588 70567562
71033950 775556131
260333588 919106440
381693913 204708685
295210202 965058200
689468896 737403336
450435754 439440464
452513623 336191562
557926606 928922984
462003307 926416380
556236588 122635826
176405859 529360039
670396277 860547964
517712201 372262455
104451166 391696646
516909370 648235419
824179580 861752403
808618010 74686273
942479411 508906767
948137281 973644517
646997676 884500707
626511470 802006144
428426141 34640248
941973637 59068785
69773607 395260641
407754183 638342562
661553809 600147719
500467821 500652382
230993952 752271108
795091813 7102528
838139085 341007279
815121415 62726578
990804963 757596387
638097768 69539351
381841136 570707343
718816807 8419890
312581152 228557260
678056491 687120429
144136244 80358272
426276574 845180584
223802305 799766445
718279794 940392801
559839657 846408256
396717134 356299114
737200740 670554105
672372544 780909331
314855714 350672567
161902969 508334571
786694273 646719261
550627135 801629602
282322580 984029766
152437924 369567899
802112536 801055229
189164109 86483647
733340064 660988586
924750880 618216177
649070674 891669545
135105737 912133023
585663686 790372466
436580924 953064149
332396610 164558074
519482671 316237750
485494577 955611694
924377407 82386266
618954289 560916178
782429307 580178060
845959389 207514215
631547518 374549286
830234592 254253499
305416459 442977982
857540140 295866076
217525992 251069091
440210664 585185800
863046431 54791084
529451958 657171459
65230706 266130342
490550283 733108813
228199390 966290495
54000889 919202836
981706376 961696852
310552028 691352159
813955817 549092586
533720118 250672862
529877141 170885101
593513521 468930172
399293771 559633027
651074319 486264587
680382036 799559874
205193678 68997425
904693142 199056664
623148384 589109070
851774658 652800714
904283762 433530093
576536461 402505197
39797530 864290590
385239613 234249263
678782434 79922158
743267393 104328682
768011229 85715322
499039905 317372035
96922150 797907923
638795692 706175636
199477550 390537049
233138090 787007995
631708244 6466222
452660306 956880855
385135488 570932574
275986450 77021999
991683180 47913522
47239763 226631496
839084033 567939513
844725153 10285907
531593874 632093821
182088649 920539102
725492376 526526686
384348583 135835012
683845181 902437825
142632696 875477712
21755341 600226718
997005063 782943112
285896133 19366972
480301913 851843271
16697436 584541430
27062763 785185235
614746810 924909028
915077493 975571151
838383689 688048624
958939999 294258062
571328713 10472121
84868056 481241474
902976065 46450167
178090445 122945621
762276887 415014421
36146890 593775146
577815976 164893928
978130820 800874453
327619134 303997914
327430731 489529890
2250730 726054781
127226937 167945589
423435758 388850089
115938185 301619496
373267417 74220573
718629411 165140197
464885144 212295507
944453490 993610441
49599578 262652666
670505960 686957458
949415164 748150818
317811836 971001568
446290861 120142205
331726498 657522432
453342856 609917978
746723064 772552291
491318742 74970940
859841811 391995923
986481950 468794697
507157384 12296225
816764171 874711346
763285135 851682172
733609878 483548159
309877535 852850157
997591200 376147679
22861389 252983662
797815395 956941496
825803082 445136730
925830627 838505377
789889987 715584809
55504826 134221116
302355878 207338761
272231688 745994631
712863832 472552069
8464719 702813478
334950400 279114725
344321718 987224325
339489101 125763417
657654664 322431370
346729540 12238594
11207828 980258349
659948519 210935879
205143331 986556170
533384734 539910767
626105732 898254072
839481749 698632743
758258290 220846433
325754068 974797362
842244750 572031606
293934945 451560232
496669606 393221502
96916877 641460490
312019238 344586007
600580281 461469459
880753887 358957951
134887057 243134894
969396814 273876930
302513447 991594140
70667052 655316262
402828414 986762947
599546796 593871447
454680438 369375880
416576460 910587703
796965163 590866801
618192346 982597370
759748423 514999687
290792256 560941106
97483313 458748003
471049875 640092141
982210508 820890447
374593188 174192592
555438310 755843602
118228749 594576782
29582548 100119962
264919333 399802724
548553538 798361932
614511233 11710477
359237825 831531413
209939255 588742810
721985920 916262110
645576741 892022010
90936511 753599229
972680735 66802561
754031573 713875293
159111892 435320307
310278990 122981383
938056563 261717290
602708495 589770146
436947958 704543917
523149034 21719038
623144161 111808733
594382039 121328280
792747853 507922265
153041038 429996989
618090802 3516941
393122184 40945085
168414001 85188921
923802411 358450790
821168398 543749971
710694809 492123117
727675218 795772363
106381394 759518961
174992277 436391874
603978181 988703298
282502287 933651085
137429304 807054212
847322835 549620912
506060864 671553965
925899653 737680197
456193676 832820891
232118153 369889894
241649390 648386914
418992782 350540893
519583179 61261465
156172059 211951229
307969001 981088883
157370185 768620360
500804726 904541410
235799654 52097965
194671748 935916202
331661468 241008287
455467098 68921590
96533770 851373259
692118896 379892571
596127176 845981357
545168699 232273306
941262161 646602508
344599516 983943051
867080412 394174471
517102447 561123315
966291607 47053267
692430298 326108562
597624238 658279578
186870969 917729671
240195800 77927194
33788992 322147580
427215833 11607249
721640763 28143067
22381146 372523046
929568306 932009441
823955406 224686589
406163756 718279414
571532166 342065074
776523948 882481112
788314830 692307221
768438389 5864458
909330723 21505330
941363441 142073251
318054254 304419493
276960023 222126396
668795381 283471852
616736484 329193197
691310922 864722782
858303786 627557864
135609224 981291480
151130573 44098762
916965755 547856234
997766118 699094546
536878221 687231597
489378307 34278874
995286226 915005143
786975083 222792576
569137215 772722594
315835871 766173668
34984784 126585105
132732294 238417721
727751426 792717840
449463249 305734970
60281787 515300431
596517799 373856308
631680224 344350464
137222746 228766433
965825009 817289799
617468680 11015570
21433083 747994473
276511669 235411146
336520298 979242112
990973336 797899631
555243237 415082411
372180283 21342716
936080948 166721323
596606328 163057512
407220366 395449786
815147466 369255619
557986266 971601287
168399313 867504494
624136642 571641255
874996826 403530502
162603480 494120005
756539335 925772909
451881917 967111963
510485847 274079494
849434731 312966703
607885678 941704586
863577451 976370352
840567062 325858422
104516274 426688762
210878864 386746396
421691966 477302760
735667387 651968842
76286648 469147536
538021988 395393018
599933652 291565912
420936602 183960653
264214533 708285476
158963914 639262206
247549369 247204067
567576543 447126923
729628007 965991505
537362494 985757796
3503213 916727488
742566118 940519331
805228022 723725334
420939715 904095187
650701561 433860042
948168177 693801619
684829969 886792206
25797235 736799466
435525752 111687283
784341638 570164016
425316010 910746075
669442 160048322
51294676 465994610
560473572 882833670
443495155 882219324
289347336 185576175
880861066 679009313
889098888 135996506
501674077 399961887
75991055 487007100
254353688 914048019
813908943 969216037
396163107 913794193
857781693 827089142
650774438 752025645
268916821 345084375
411992566 221466355
983965552 640280637
92052105 680442802
748057733 704477050
64151259 933417432
735748198 767523690
477587582 495145886
376286034 113923031
884049638 798258482
594057484 27261107
953856177 625641910
166331125 634419637
439954913 227527729
924538992 145804777
828582590 946512349
44940935 415433885
469456634 81374277
279459276 571078082
916492249 349887157
232826552 213531983
199544609 88832252
407287187 162048421
449045787 985446499
971458508 562065653
584571954 717473881
183024843 266248477
678341399 160991650
708779814 710566586
156656289 809811313
677650939 856105322
956801195 829840825
46219978 772677183
893804945 458874893
554809475 956353536
576898094 232162908
672703276 543597777
783370448 473195733
996938401 520971713
578579589 381441756
918401481 861444258
282414561 212985573
891882964 588113193
652385713 872063597
180121225 537642335
274022080 514014608
73506074 566460661
432087029 874667170
872110321 796004777
77502932 190736215
810699250 865471134
400362208 579692331
963834534 823437597
301531214 399106279
944466599 652398830
632834452 727328582
882129065 151729259
740207383 735255563
172348047 727110352
375341109 371128029
620279671 822724379
502847640 147640478
558183083 605314772
923784956 990677247
666551336 505881352
473587947 214385319
834703835 528781650
584220444 768702183
622206947 561572646
247021511 748272292
471183922 370764649
466787016 333226893
383660937 222151031
860250324 829899297
151580617 628252603
892555400 172730139
932425611 789986868
68910261 880501924
897644566 915472493
507985783 142458079
788053835 523605077
803347958 124507388
684194929 957524497
893522482 464686671
524452520 706112950
713639477 323415635
322610621 123279569
29413884 349540799
449323714 455313832
934529734 135841270
599931727 238026648
562884584 810656587
916226597 929819279
241886508 593217772
286814249 680787577
770246740 691684999
937093168 54360726
19035830 710433809
206730580 11213133
773980001 2328
778030273 856830558
672010629 516394671
538419874 704517136
463335321 142174245
250508446 572053932
187526093 581229739
6582968 795101453
198478237 598035987
282209367 492314288
151508582 34464254
31736252 625348640
58328474 916437207
376929799 797202782
788861677 769507818
279209455 492282294
133986495 185343840
994862939 857814144
388852651 344727658
819622400 373277774
113341479 798969669
228574287 213320420
420846603 237064256
404742685 840952417
145124334 549345913
520136778 43043650
537038672 104987113
171104161 574973107
57320791 654787007
124386960 997939531
395426512 537288201
143483810 653055351
841549817 418929596
50504214 619580378
190699016 951565707
281150545 579492264
253390813 750980781
563348414 131760150
880959385 536419882
50676502 779354852
771974607 455097145
329019313 503863995
943156511 687491959
448648283 233965250
345247483 199040064
215463398 91323579
567814969 155667678
500538842 990846660
931306853 250838361
148306125 814461924
584171267 188558177
370733172 853418190
44869109 200331465
782738038 386045279
907093578 325204399
29801246 374541603
100700242 576224405
851153894 923639546
219428977 697685115
232519494 198387005
889291878 349422247
277645347 652520004
166762494 101152089
817001882 942434110
7437648 46303227
986205311 360196887
679261951 399207743
318183733 208438684
808453336 765319447
621022344 923772433
642529825 578399466
554394653 726829406
186857247 448995123
513081206 810046967
888167633 762693260
982861411 989794377
998822692 394803832
496786063 507671511
636021235 836260498
951807893 453859086
109242942 548127436
640162130 151027178
737605601 901246198
169307869 872594654
551521603 878761211
678946995 408266503
214695546 163776574
647790231 95223434
308280241 701964837
666896154 8188935
585241439 981707248
225364006 659949400
173458644 323697627
967450273 799556933
487370038 638085902
703951464 928814617
444252155 640290685
206006635 358594449
111843332 968339193
143172745 48631809
829654560 686499641
579989200 262231525
150405641 824340410
654346483 317809322
132351148 587484470
42303444 985454813
199874988 270181146
63795969 679427745
559844167 84230163
392529760 900835463
201604709 71797005
760638360 669520759
326295397 878176420
36619668 510859160
754584450 7058838
953312433 452306692
745334168 942348260
929059115 986622316
786242394 531817511
583344479 939183868
778640753 566366977
218843428 848298711
166422393 916528062
918908499 485407652
143010719 495364596
357987511 733021742
208182012 3482839
964455139 312323433
690726015 137428730
857828273 33433355
693474435 624737181
647794237 449626756
547833811 13301587
449300610 772967860
946652062 802803511
111519845 157018199
143034741 284385290
749225512 143854690
287687850 320321574
164924668 885474087
354965706 821190373
105869655 686116294
867727213 926050726
336315163 119561550
550916559 693920186
465233764 817389391
701827721 160808437
418592089 283100324
961256670 49465013
870101211 629753131
377999045 118715722
14868918 945909864
98091027 229466653
760580487 611240915
207072221 204965683
203137494 617383521
771318229 507873568
51021810 902446550
559287976 320285895
736400801 600453805
924639897 345176647
994975240 344767354
7218440 673571595
562730656 627399824
242864715 269349639
485047714 726363164
263637889 793911008
47111195 432598490
723689619 762819665
740833124 414686607
638478299 170040025
692109020 688272629
193733679 14487426
399502059 701560851
273811249 276435470
502371990 251008054
654857887 219935530
589327717 901690426
987255659 753310812
614795710 616990579
853682165 149533127
44336589 835324934
137689965 623955538
507243722 778302790
528205348 466402423
928304329 293244110
579186289 619635821
300588711 318297829
797740164 401429722
8012678 997887287
469219684 543168530
339558948 638731499
760916593 5083687
562898986 787565016
946347846 406246223
841936810 881007044
22609130 424926349
445581486 743073424
921947728 904618272
169534818 444583550
75872293 142876349
836993401 607922767
631957882 293543698
470835262 991099220
110445106 406498153
339654422 771818437
529449235 347263011
438823602 782583528
609335240 513900038
790136805 796165809
451159770 302612395
39240287 803992937
72540235 316007733
236356743 616414794
618261235 996803405
133031038 949706507
887413486 742540130
146791845 939863511
8605337 696409418
910592098 356684722
699277647 860894601
690719309 354437296
952057923 872977491
953110397 213852520
59497996 762112457
749290835 75763489
200678921 976252264
119098130 12249790
367606858 597796983
328664528 988191274
14997418 673762269
351645284 276888769
356085763 180627431
291148546 925688834
696826258 784527038
557713999 134934688
897853565 458809096
366282215 536919873
991437795 612754382
549053222 970533461
239168911 148457445
299275848 249469598
439548001 928567186
108221387 830627620
979492690 609622441
502240859 738838782
738435640 467001609
202579222 934804691
689342300 304079858
821412314 928931828
822972515 709767789
802194933 127006672
459460059 249382999
290213525 252976444
484055238 236087001
619678909 878106579
779079751 558918081
205310564 803449594
299846392 507412783
217176618 166932795
92694501 798572394
199946938 943560004
861435322 879323629
292498487 938926143
708561777 826486208
856887056 777776600
872355898 151096673
481676345 947059554
467492836 64540391
809406682 486265581
801024687 166916961
551629340 66182478
265507300 471176120
170539684 706344322
334385885 961118995
751141570 747190687
129735168 788860279
48646676 749813179
417158293 217964173
479907636 877848483
422007674 901479152
687931104 546108546
248276838 130668318
637300533 901486879
667501710 360407917
724500710 812989194
86599224 391502284
303912715 310662598
90835953 439356991
262014762 608029700
267791913 239419491
714064974 556960973
210484134 49780050
314070808 970397305
511894691 263993511
363030070 901717170
695945467 663452209
918726523 499300196
840342846 201316722
437482365 714822416
191468672 836502669
419423623 435754862
476260838 623395825
968100615 527330700
375409814 962230839
192501320 676758350
801507969 174037639
642945465 394968928
614845043 542069891
621250496 650662180
970688404 842451399
828783516 565213667
22092083 981994760
219372130 364849965
685492855 49578581
45533416 582960220
380006752 819976252
979042836 682669702
669665191 843949510
950387026 367129208
808634569 76596770
105046893 382231198
473914988 198231266
910108057 407001765
651606820 79964011
17808101 211792172
341993271 132435009
231450661 723073830
655630902 857257813
968919461 155413226
139284553 116037701
582374627 77823327
467968753 926715953
295661194 879581602
749461196 849425865
929937622 928158149
940991140 846380422
423440774 549986556
466431841 681335657
908480073 266576586
216808105 483273053
601931052 632659147
606533143 306139854
35836040 364234695
561244689 222338825
390559466 582531392
615218921 174047420
270754604 761148991
784984513 911446029
220883777 189702683
365687505 104603441
495726585 885404094
972768432 729563702
45784822 465562408
976230960 779522469
158901710 509291068
137292891 844488961
634945964 360485393
587518596 57114785
832684322 309637595
856488436 77481176
2123943 789965508
887619936 783764730
52411304 500852941
802985251 286485857
790422224 923019647
490749309 57195108
119605154 511726595
980654031 270655877
410873672 444550502
651544188 639571207
924877995 267783331
475899924 620489389
683127641 64193698
767575665 41805055
255179333 108238438
398216553 74807040
765753919 759391027
534229058 661545759
436935744 392003608
747102838 805509677
537533725 243034943
330764916 31595470
215496931 801915936
29940171 977887754
813821994 735846530
292573887 284544939
249334019 710238210
116865316 838215156
386498742 890074370
218071610 318218806
806410052 150162026
535705213 153013617
386685045 9197886
365644982 435461971
767619761 195341191
109609815 915537429
295352848 374618132
482968261 944687782
824778953 266775434
413226238 478947178
470341657 36476831
502388029 720293426
742979058 136867785
943011220 437567684
185017697 667138519
373630423 465513066
228601770 831510413
384931854 263056565
209259552 207450092
277563725 847400235
766986818 725113385
328162924 768417649
433355551 218711980
989800084 174571474
947671151 189065785
474387466 896998135
220676145 850347939
272852147 178970673
47663296 955983434
780750451 654162869
88898675 969148546
6834297 785327550
509249892 414395196
594982302 419116510
303251589 114398609
73247649 725488392
283889077 811742232
992925426 282257451
245792546 502732678
729665225 100670030
679633359 578067998
899725720 875664352
667811977 752404463
626851332 937951597
221018919 614186924
406848127 137504337
149841062 834464455
177528265 955863194
46973034 949897751
796951737 413417513
940117751 609600080
92455339 714635582
926624623 768937265
417469451 937520684
337159048 30732946
311739232 371377548
818934114 713622241
500864187 188832461
501822665 710918480
193965758 53493172
424273805 310741825
48434680 144027392
37051871 100376525
24509300 53497739
717270849 856972159
382420785 854777161
956070359 892240863
206429360 750922812
498887378 248757754
797170405 411540999
522608689 281995989
187679010 145464183
519141282 603710556
89233507 97723232
877703982 98529688
810277178 583147638
893248437 530445797
440562740 926038959
915826654 907391549
794594492 51651519
316895104 816766218
8315262 175803923
416433420 53730955
451264068 201300051
294128574 922734789
347959322 710649668
838059501 85224264
696785069 134759102
978787196 483346728
449529414 769096508
629600351 112689924
537045924 294824090
926276554 985031748
280028904 460582546
849614812 122753611
942510208 348561138
379092094 192863790
790574467 668670339
951877518 539072473
101660564 49522782
14266084 641255823
928324095 36629327
358209265 48300153
119108604 719303731
992453318 227178931
635221692 176145494
1423937 566134124
487871824 100909209
656002691 13314660
931885786 584410621
675183218 987827356
973546302 37984089
498986572 407303911
379868043 876310397
365515642 975880655
722273445 341322555
593463267 997932786
214680491 213083862
543265974 207184792
99421152 243530199
342952188 785876054
527423604 53455933
660273508 58338331
530390363 151739475
113361983 374888584
2159039 353328226
146177794 885976361
223431591 264155496
279918729 134229952
214687826 253023983
123365316 435956690
49235708 231464128
313440234 536269160
428032969 775440229
836991154 967977021
120447920 176015189
379735073 243640270
392641020 957597822
105628531 788384424
374313647 152729024
325740262 495268347
734978499 14970335
79789895 992414837
249431951 981623275
835733125 97266152
164621741 29439808
449059300 711736177
576037806 692378209
192247263 252969791
484703988 114734993
226006912 766867752
149271149 439911956
768338147 756162994
254460960 740525627
976494055 879865561
442741011 315738684
534627760 848546773
97297850 476790641
517729326 500164407
718194415 1271319
613411097 231032176
648386035 762394442
662152213 317880438
578728478 935045893
239912017 664208044
979541020 912474690
978945074 724930667
356533530 929981873
360332112 796186784
126962911 306054190
408933979 164229766
619075252 803309992
528308422 599805289
833785960 202055344
734062174 699446867
266313083 949528369
660853205 113165358
72611716 270332161
814513821 149766286
338956601 559314771
972253546 357569710
480563753 973457466
823993391 290928986
402854033 153952178
37887910 361927790
349664773 636432935
146439793 380010376
145704328 994671244
816449646 704595476
446019127 454342851
299106930 324265619
743315898 784193651
724890975 303412118
663337195 357214504
127793944 885715831
201660657 197888886
315179606 887532057
892851449 913478572
913546734 46355228
934544574 835165798
267404966 294415251
651455503 91124195
846003983 873790558
181651013 629586631
60298150 566965956
60458932 265183302
802116099 345037278
436246978 344161963
353410845 390388287
279187565 44138432
89209878 455561314
323889314 428326112
754094955 623934496
950476922 929146238
11952605 796249011
275225643 24044070
627545371 47422151
56145657 575526037
944087156 697004938
203217534 475709858
162786448 640193624
96993169 995434418
408053858 456126158
212696725 40893546
203497875 747592073
964377944 178610894
300811406 359240460
599029176 267783333
442647441 922634891
288999944 563614558
935498290 748451736
552732281 187655051
818489696 457609529
286472042 582700853
447388327 847038116
785384364 366877410
182940080 548974382
382356563 936157223
127420273 658429810
381946686 57198313
724202735 690110122
383490398 135436022
314790168 40439532
867608465 921873220
45681592 791397552
14367927 987299164
986019807 480571644
318783927 5866694
579744321 111419775
731237436 176371344
179166191 137620683
391859513 337591475
305900533 632026017
8318686 565822707
470752668 133349065
466344286 308261712
346217579 192561894
233797021 571267782
809498508 898927093
860232969 887594057
204128945 985027311
66883575 25743463
366528065 537957845
609664332 535081881
198617972 377095664
671767440 761001633
397679091 407199156
15164589 809645317
421008201 769505164
686422895 388164531
137561018 693110203
771094181 54297839
767628647 453345760
327731757 245472526
824865104 142419551
883728309 545718774
754568577 761054379
576867784 552608724
291930548 768102153
58669125 113113678
20863113 206861194
894604048 555435232
221913350 557444297
827892962 795194601
824938386 112344929
714258310 168706470
736091181 762790704
413350657 73471853
218483968 249801980
477411557 584491239
214945953 523624742
161039451 389794634
630262025 738673065
167690405 683754883
800556105 779952654
558093588 923047332
935823335 694492792
502179266 340899068
709315235 317503137
315579919 59721644
435396915 881473625
773824100 367767628
961617064 864667466
850774915 818467441
220489489 412386115
991397084 83000621
466281774 188071924
819473710 956825643
753531772 572732257
704361475 981174501
532731267 928269087
296028316 582954581
760443528 550725794
922602204 204425349
947303676 851294353
347248340 679978016
985604864 329055832
727519844 141141315
702365389 128513994
730887539 760551333
359081301 400757884
680279670 323882581
169214980 371987162
265348561 254267062
876758864 244481003
93614024 226555168
194169886 699857038
554449839 360498136
451908877 805738027
945079318 888213693
280762618 305263615
486724537 393908379
983642085 40748670
317693506 322847319
676492623 436712186
622038477 519371745
996485578 658116451
944558715 271522926
919071300 171820524
188385107 77950088
459873171 722389879
646873282 863154550
785840595 666534003
647664472 354940967
528512253 386146186
448319227 741389674
457814202 468447581
375062183 668913874
134494459 125877399
505112870 940486362
563293523 703941630
518219320 397963861
994716699 556697142
628198384 576928014
735508693 990052089
583676097 12587904
561164401 198465208
387234184 948573917
330748307 713821814
483524993 300874155
167197548 517371364
263981220 578543934
775301504 445471995
15572568 205084920
289163921 380581619
170952360 370088498
550237158 929763826
917638504 708899147
662251211 555254261
180876443 328498311
447189129 439487398
661441926 883670527
756492190 510445824
977673758 73889362
453737354 332932826
87730186 102821726
530189573 296943765
933314384 108757517
475632726 445167149
593721200 832410623
408315688 389521007
425797175 571323702
400871318 468476
298757715 60432935
60299549 663552150
741652282 958034003
350230510 53240172
710794794 97866566
503878742 324956319
534686137 859134370
539206059 481723907
702396700 534381917
192020884 389453345
860090175 417865906
627886982 758269655
309689997 953551158
778260163 620363203
166517279 462163718
744942563 996653398
909270153 752399133
186027191 641432006
989871322 387923966
987421640 310895728
42174247 299047877
451095468 664923678
856291590 526564553
424665636 361207001
764402038 601290589
770141808 489003611
288636461 703076779
164395254 23616144
690065330 201100813
779279501 627824515
967739601 959730938
221882916 299910699
239171587 518605800
941876522 920834688
160110547 535985799
910023570 538177558
33836741 377341996
889911770 600369062
455753331 525056886
573115824 106051947
398063911 905915889
183901533 969350404
190458514 964329043
285120099 614037852
973436734 903784504
514829959 85547210
121385006 982413096
968074555 277123740
960058113 979702234
345090317 466276353
261465296 860543378
261778670 928616529
636629802 920228938
182350999 77299220
364971949 196861578
984758396 486363607
483355703 927887113
903691503 120207550
193367128 43904606
56611745 987341586
191398099 628019580
564123358 225298997
350316235 916385143
497966312 408428538
982847255 284088363
567896458 85882983
205556220 441653684
179940251 69663306
786570977 969397770
723864368 209568008
401772274 124497172
3893590 820220413
872368384 408483729
936022949 36559013
386401217 883806784
47724697 64504926
139471336 183461218
860187818 718501305
455814399 546950243
618091681 386045384
20058220 445879844
657612613 279048393
574057846 264098400
742495031 116721483
245748170 309614658
145800922 126990015
715031645 199142016
520227960 463961937
97291228 16459620
824425187 232690451
486595472 189252275
33754463 291037048
844446945 112495673
11960596 513806587
644504337 469783861
50209574 263725169
550425507 902092188
315371947 697194654
69391174 828001182
258361033 687448240
687860623 543928081
411265656 699614026
649324470 129813241
50988203 355740178
480081872 493758814
948772302 548358653
248794280 784435248
254960015 183203445
671043251 125992421
814367527 879053195
810122424 17724675
901385597 584849758
332529676 188095066
358956621 995592156
645925022 834329376
973616910 385643069
573999730 763793295
981499239 866049254
237085459 306205949
968770081 733300974
501665874 74036542
850315177 65933126
286308937 396626662
131666213 497909880
626168172 4919329
381416966 361708364
943773689 191414525
690116936 710629529
472388968 204308410
669087726 525316554
283685112 343742578
984025194 787309691
62030007 35755286
598615050 89114366
796851564 132637257
50249977 383234147
898475624 206743246
424705569 342210378
714103295 757179310
41880041 928276565
245282294 851273225
860400775 780069178
126878866 521818368
228896875 448112135
375877591 649461787
639926291 906973731
876681998 483922511
923623665 270561326
588856046 651806565
76437364 670241720
850738616 42347846
282051047 782329051
957693900 453013203
479462591 234254220
525336368 221287339
176898719 434659362
368297191 823457620
379077613 767632318
692424683 32380718
902863774 404270360
163034281 477934055
754590072 532435169
176696259 920768495
449354021 742250375
729032095 191741902
88970429 228032167
753373764 498878557
950943035 28262729
239587696 998165097
680239000 844472994
717215056 110806243
387202150 107398315
788438705 726091159
421207906 46518411
461728388 573387043
247620931 50333313
586952077 61598242
792809200 920483570
614287132 600031740
894618165 386207844
372738940 373808382
400156036 826793227
9042217 995043433
285282408 928139225
652187302 495796818
896836999 734568612
663556712 617389306
713618655 588353897
748437491 188008066
920259142 660911549
642515817 475756560
703022824 565550248
21470388 951552446
782854271 211445910
745378752 411642509
320836584 70698628
86239184 475155069
130659961 405819857
263074092 379029520
749053181 934336325
859973834 545444837
940659288 278613608
497081898 97503697
319577416 958072039
809178646 84462045
692556924 39679084
261626837 199247401
351633987 569739723
984735248 39766914
330463457 465110097
34554570 122307027
261062293 748141011
329244233 124469516
639081276 615593678
294262030 809729509
665288968 921950935
237899916 187515311
224832385 857838282
842478934 659051001
398894043 953728736
768601717 997840659
823117781 921840311
910029882 471511836
184504953 726382614
802312496 749520209
835017932 685250798
291371847 118581817
395328896 837573283
76656800 984453145
169287352 126016579
988079704 916749875
275804096 992333912
737639628 16774170
371296122 922503248
821758524 642264304
75540478 909252681
436568581 752263043
909671257 785890675
489095596 137812638
942761559 772080237
974354306 560801963
157288144 190201960
787913887 626375548
144830604 434374211
170729166 953614190
525691641 710992036
218795472 777035230
276367520 241042905
454055673 907300575
236585692 716826391
410487405 346221550
548843696 669932733
862312371 955434706
532248159 462950512
456045343 958428250
426732413 948950274
918269994 371465333
636007319 317014695
624990296 586719592
210549428 681847481
263048769 369011869
282317532 848261882
607726368 763930699
440405324 673731956
718537428 772256433
958425469 267371548
50871818 125603791
766386832 885349430
66101942 724562482
863812925 251443915
444860587 444825000
113826927 19185111
852189503 977665573
978160228 209456724
863996023 515019071
224253763 416807701
939680739 608694192
727602308 302311524
355914179 402172654
77992594 301694048
975152351 462934172
694202493 604735142
245001112 125987126
934207827 739183755
70157933 134948093
257536978 65832610
963917283 413951515
427740228 589579645
43011356 327563327
883097504 697817664
204685381 220249086
185540205 843378288
372928623 44342322
512979324 64583508
306426013 469749586
153848985 771428535
481157721 587083896
370586912 341278323
326018930 178265835
484609928 758088859
796107472 19480008
62929765 837694965
372994364 546632612
250541802 731901121
657906995 322533029
348526867 203623308
55152629 401641322
939884910 403391034
64972805 245874781
149279169 407335533
428414791 999249465
466726827 461359259
960517942 901234505
100176397 155458028
651858281 844097511
443858497 586614794
14333801 349929099
514990039 699836436
109201247 689427366
634928606 879941626
380996173 479708374
940418927 86320299
193410077 930519788
359824328 182669220
590310742 603113342
696265475 550625137
629015599 61864543
173834313 517632664
201728223 232597926
334953516 412031698
73104842 944216548
885129344 416498492
827925596 19041565
820464625 856989237
129575858 931640264
176548177 554972193
913338517 738986719
428037738 65090047
715437490 738772925
389176048 454882427
660433226 350429099
641512122 955369129
233672503 575491865
688359931 848849238
144763334 956138405
947426640 731964112
877215172 930920732
840368757 299637113
708178123 82612475
143311146 119999217
445061320 844588662
95693019 776960523
649223123 951919969
36420129 46338178
927143888 635864783
871049261 58171119
169691561 229013595
243885696 435901549
558953827 77500565
884637335 982947681
376679520 311143194
526415286 817332885
768356079 883536640
874247852 877542308
869511454 986940033
922661557 935817303
175502691 812619002
831569064 48529155
633530955 329548544
673616663 903295425
551057858 673153075
607174424 535833301
21834566 662036873
430791617 540336116
932079070 506739885
860433832 472640449
528608022 777681126
493853108 406872448
941583328 953447985
64467710 559863498
180043780 540334604
350236426 681423150
919671429 15071837
886857454 654814540
858724338 705437281
811332985 859935109
279483554 998442549
604574814 279045943
613656352 776861952
714868308 406865037
438090055 23111211
641451790 885503326
126094074 55509500
711914457 264782364
850685243 866251737
378162274 261437684
326013333 630597044
321517344 482093871
848269825 826614881
278441283 517451802
700181105 774941353
243735785 696423034
616497036 530468817
342743292 5860363
599002062 715256394
310744652 264628387
141725194 720586039
632645100 295999929
468283257 706416835
903177329 75422402
134535540 631134959
573692058 527722487
207377501 89971433
931117095 445665716
643325175 38678378
824850126 90926901
337823541 954645275
177329056 362175964
986683743 711944246
710847210 5971112
57866064 816129201
928551857 885608521
634303127 820297948
636655125 779060020
238977733 851488539
773484850 51628411
918274367 283536480
615996422 306069358
657707755 434905512
704814044 120016359
853422669 884987482
377552319 561187069
896208118 999567130
935175663 734874131
589334529 967063233
872792109 426353334
503473032 557693029
883690714 724336372
303439498 177366679
390827000 950358371
542518684 108218299
872151888 1617292
455070667 696272817
852506706 418607403
573795360 868659715
143242222 483956561
239684491 866804307
453638309 878101691
73633297 335110565
562228798 225099365
998939416 192368427
184207255 506960041
423598041 130489338
680653561 322739359
153007049 229430811
530973262 664393334
687313372 50554444
886499061 297894840
235319183 301465249
787607432 262455653
480353931 724254780
145848009 574394694
877184673 385350511
602757514 11147794
606326737 579349860
984658893 460543165
466582921 863554723
960323072 948184257
505994615 445375487
623940983 132413842
583765408 343436359
962477711 530134040
336116415 787742530
916015902 455473901
351999674 6506311
821638066 436026011
455782159 297612970
464627149 353675631
544242377 775064537
720753532 429217121
1604980 324106248
344720953 504115731
698349514 110854447
610866335 98104199
552387329 661723770
476417016 633111786
715285830 461672434
722879141 551952173
9823238 881331688
801900462 103356117
487106493 148753314
927723312 962946037
421763123 626770618
745562237 28399688
349955460 327280774
958962319 793685781
575077890 218414876
638582387 883315293
586399996 666760737
928057878 128990295
74365689 916870062
660607066 2609360
967109955 778496424
412092783 953712200
294611970 155446430
214408208 131105140
619442666 995202134
249297243 775349024
130690450 877626415
982323192 44575271
879692378 495174566
26986017 804552655
594470341 760463074
766272513 794608267
953336503 50284343
25327576 136461275
932627188 593761782
353074968 210115234
684277390 177680326
129103643 218320794
158795054 791048507
975428971 902341458
614376038 356816279
817906155 604595744
577935767 677830486
851262071 726413213
948309087 534778389
760861078 738201050
368428371 569554601
192754605 948718466
184082491 237414740
469327066 808739204
381718187 398735977
913235055 346255555
415334920 787422419
182774975 517653575
578745178 903199775
641362931 658393452
277819322 300062409
496958450 253447705
807115739 192202852
630684943 188338588
261783629 339099281
838842565 161147347
222233106 40729714
952742385 28629392
143620206 993795842
588627796 740181208
522040202 661596594
37921180 702096118
441837678 428950435
684602138 50993832
511943363 681806295
212658950 677080485
434364937 750382724
508473265 501636006
777045022 339273620
810485269 570852727
323283860 968482321
782142383 107993737
904074049 701844204
932838986 808961216
660672381 763408075
161097177 484250004
807692374 198164362
740427717 336174129
825693360 589255233
879272311 286688273
980205887 534854770
62353389 656470324
978264324 955717902
916805378 698146714
499814975 405355804
84240695 322104150
799746114 988937000
530205319 180551288
504498035 791806630
36772265 260903614
185173771 267796418
150977667 485072936
150937701 291812456
700584465 35936619
544292637 798152686
890276967 714882727
292413752 116481370
727041516 219502796
401537549 24765586
534244763 609981518
285557755 844351466
431927440 968658080
161738113 396367254
199891001 719327881
682144543 125649723
557791663 285568928
270778456 416668954
813007672 184037433
632478237 423724787
723427370 526383344
166231689 725886539
506962139 289189417
573672837 776933539
447405393 835534023
502301463 864662061
480792574 803648659
229652304 663830271
795353981 519528635
745592436 834076596
964856262 565612581
132350547 26254805
549839879 466792809
490824336 251317311
35577194 822255170
152867815 442685453
710625928 847249463
250153805 227716516
135717833 655815936
963355153 218918736
644324539 463490965
555828781 305812840
554249396 522459404
390984377 110214242
468753187 479671331
998721843 707932014
579886911 235514448
115340486 543914731
289924231 761412924
112663133 229055246
580426560 94263240
342219910 852843785
799421180 985743798
569008239 723947489
128942548 641982550
588807433 531903496
909841271 332123001
162244832 983462111
796310322 463912950
920125584 779645302
15179270 844145403
840089328 213975517
8733154 402114138
816943267 189728062
513169774 884586173
614349172 913117920
602255910 553235636
790487603 38353929
945064957 941086075
213234493 457637180
236756846 957823292
458908175 433745294
923859570 108957845
703166203 437800199
485718572 101023733
949282756 537774754
184773996 477920570
84050060 302812868
76721684 761631966
982058954 754033275
423907668 903806405
287169266 639100773
5771362 850553126
503799672 967921803
76723485 123303352
810983065 94725242
718773767 424375330
41974165 92040271
464309276 205282761
295096055 550543669
184691013 361155768
655766534 852745796
421144328 746322219
279326583 257815975
261543029 859926693
841961685 39076422
148443071 196386617
905472521 828791669
588601444 671124526
730742413 318862434
54511830 293561241
638620323 937531247
838497072 873216927
339259760 865539786
894643626 843832431
405268100 736680329
203926056 998555712
951206753 816419573
27233690 371246967
877518550 578265146
988992251 954950639
319169574 965781127
60853447 433760956
966372641 688344206
917807354 872603377
336882908 466842481
997944330 810944877
572381689 328270179
521715303 859220485
966540114 427849711
271580414 18560266
446585451 563664101
147620746 159287266
935792209 564390305
567083633 964825409
320510319 75449606
414209072 878231845
191592429 553442262
415166028 516189644
363732827 742717042
834173398 433529513
564640397 699586103
514740266 406123345
685723020 431266868
948049417 619579387
392759705 916972810
36089083 824351842
737238911 381486364
486324508 580080848
976701908 65082136
945475684 881111687
196862341 828902177
159401503 173872422
229268435 814531261
796336305 936025217
651986045 483543429
758216039 120806332
509504114 507216403
341937637 487311580
825717842 160651023
48010469 912265235
357333857 969710046
80642741 974920976
583177626 910993201
876626089 729674618
956543800 782479983
853908757 705077955
153802543 242575947
822906583 946777335
99845761 248028080
185369650 89104961
157830765 561004880
289395855 144052904
863237878 50977377
287912378 280969791
488430171 294425538
14261713 292871912
751376784 384419472
709581567 479053469
843249120 214536297
605813615 746825677
206332575 238224015
648966352 993322162
889292431 214806839
127085482 637188430
369769704 114428670
15632868 587881092
678700310 393156407
425646023 95844964
38136564 506885318
202696597 622446073
186424620 738740611
441356158 283360595
15066565 24518394
772018838 938393623
901272257 839422148
868886890 776187590
610699001 997756867
164080911 40781187
660215881 21314470
34205596 225476471
505880458 132806055
558244906 987011753
648300421 15464923
85024557 905790680
942292201 46591204
541612931 930204029
694601358 62628460
800423079 475142477
304535064 783247391
284020615 938556974
380193982 352412330
258420454 320982240
447889138 438181303
681324907 78454780
525606545 864665589
54372415 202831529
490516196 323634469
918041728 114473296
27790852 654016636
158398740 761812598
945376246 317493041
251979679 754811324
193500134 508483983
507438146 742639848
496823625 419613473
505469344 868667667
754516781 97213168
507584184 721639283
794114555 733169819
532956217 148433830
144500509 280596097
624654122 723392932
602425027 442331207
808432895 352603516
973027908 60135231
652640005 81369596
840259815 406184954
4755902 955155506
258607559 343567117
608626000 23987483
99522092 348267401
140883676 466111295
881645422 705982878
558386592 163001241
317464786 237631288
940426123 632820426
867542084 406446915
17808193 370538877
692751013 539115660
148675398 22674490
780832846 337622419
290222643 239748036
694440836 734150061
756659739 858813931
173210450 831592645
116534398 765782764
230361451 28915871
576993818 67283564
475934508 591381402
6040544 548980175
940492244 504573991
91801084 1385767
936101175 250108144
624201475 158222514
605313210 396014771
864359893 671750169
534480771 151190550
338295720 306535553
812931563 396292096
806680258 940228340
379054950 199858679
240206367 188349933
864019363 550981256
858922397 807289593
98433056 19853746
575924797 36499682
166933134 291605145
312847616 630158635
867808466 304441159
371074338 131692452
205404937 618737376
146622668 439091232
363006751 704724974
669465752 741762923
320086709 645513993
735362397 927632210
763873766 273920278
986607567 750089572
190794606 254854933
107672515 678181027
27668326 421082756
215170218 476511258
823460249 747528152
920250304 585619216
697510357 411525432
950259008 770179439
323694387 18900760
373359535 101330272
214334827 152711181
828820720 197147910
231347330 412934914
96751061 313606686
275918489 109450165
729965595 476245902
552743696 994057941
162662006 347440840
394650913 503359574
435700165 368429706
605410467 870768741
663212598 956457701
30320485 898273096
180046848 531035997
748806921 499668368
993088819 676847919
167579040 696401386
199582785 981754618
927954746 60274713
376866302 413707678
34016454 556513864
145186138 472515323
736010119 655577536
259131699 502796418
533438543 128605425
266206963 711260684
159436481 185445625
673456061 958933575
741000175 2069014
961422344 241547440
288105704 270050620
410353903 864344669
671156095 13671290
306719901 471370272
406246196 910925286
387393056 524487838
391231544 291125273
463124414 99017396
182981554 504233398
942536983 877786183
726108654 920293978
934221241 466487970
40659129 570331143
608127363 698187834
167805562 968524135
146799193 540798427
744546768 680771040
100151555 683323167
267163106 142217643
674002621 557145565
488262666 654940246
418543148 812082971
714868262 903420237
965237036 431311654
578406006 882459272
925479336 803179350
691032782 998613501
183064454 953728712
740404352 496675378
794894964 822938222
773927614 918410843
421289049 335945974
947577839 326119139
567028616 758717264
732150900 819557602
24171101 143166608
372436921 908492873
55407657 195862266
990154330 212624499
274112494 998355338
815650549 956987709
490416614 607090029
161947811 192010456
568774489 998489974
235007483 244522787
767225593 157815
116431608 188300893
414848511 802588056
402262729 342596066
226898568 579440744
85357215 634891754
5712166 193534492
655822789 290438847
596766656 764900015
257971432 169478384
953827858 275008680
619324999 28564563
327546120 299550997
203965275 648427343
252804092 923759028
88957489 1617633
194298659 510649708
958112327 569260719
675495626 910567048
987506254 362702400
459615058 162088993
307580159 807112142
155116147 871978974
253264311 787692139
965648039 132964311
254815395 560348088
80284904 415592431
520557592 548306260
708620751 599615702
123102229 401201202
50791173 663945365
829865755 75107729
916786964 241679780
929040806 965854359
857509722 392233944
164589175 643510883
192057170 75185742
157944263 123576437
941109949 733743647
175843800 309731698
989655107 489338206
108110028 264720735
15427373 412336913
669032459 108995746
968768604 878358771
792067367 306239638
60719405 254455177
785397266 499971844
231540822 39502780
10066396 808469774
931514447 590245063
185939316 155110230
212713269 638527996
486889078 959151438
695412589 780290635
421268775 563570983
8857402 370738263
631118871 68993515
337255291 483029778
620429494 695418346
893571945 617046167
34251144 798035934
398380194 4902537
957720963 671463619
300863950 171625487
446298167 26848603
603864986 41458824
16755119 963441990
549368035 897170955
243199002 141019610
640459805 887970823
634681486 250757157
667961032 472982038
701153129 520479117
515362751 934578722
130629468 201044733
595699515 172684645
59356020 780741808
536412684 67480279
253893279 852929122
75348912 993369837
165037773 96293925
730835900 225086909
473373936 221000931
37646391 616950881
774775567 79311546
668918380 103995110
162249235 186087183
556860222 425599008
814336575 861453293
650905902 535542586
796577130 547193548
762905497 979418190
364927717 301459531
3173440 157781029
944547402 851548715
26929437 194989199
100671640 488020371
117713472 900774843
82545492 117685579
747595092 810355952
42300441 239530095
408439993 668957942
599525188 902395883
321653094 252029530
729860992 803195532
328079269 17902064
974285568 205319125
649567165 271038062
118553906 654116365
146969066 506355035
345330250 143014450
831248567 282348229
100039579 390179353
493388395 672310981
958620212 29517211
715790973 542336206
551689414 329571179
576223545 935064105
223622084 32554110
95430771 946455702
84525564 582532091
164910757 806063071
296609118 778557973
301615382 795540181
635715586 630185667
342329201 763669216
894974109 600662533
947387192 719505061
798176744 239850755
758543296 360096862
621095555 509512471
756108563 392304898
288824263 790084919
933456128 996283442
872468921 303249548
13098230 77539804
473512293 524039384
659331782 367344114
452880832 182485959
252903499 441667077
712348156 666618544
854907283 712895290
470373623 903614548
858063362 523914675
803343614 303164715
628064664 934023256
208265837 959582876
866069855 998132241
543229676 756911395
175568512 740991251
80968952 801510707
92973943 914093507
557736467 290891373
476702988 605974102
542634731 960967961
410928775 614198255
206763552 917194501
926033776 853073033
187076158 652115938
333059121 809913706
29317595 258043098
111663540 807392762
315650952 655997076
722234780 924841391
65076780 742999069
568844292 684754475
886783306 909472564
697272603 213589743
182238134 27679666
906155455 581981226
220613841 187549500
322211826 816731827
423180775 903726290
326530220 45900209
219692586 293502537
303828342 935583217
872627824 752046500
328573688 810989977
70578832 360677194
461873753 397849466
818222900 595352954
462893016 555476590
335830051 204293147
138802903 490468218
889441093 650800888
405116436 350765917
185936922 117439921
481020608 119402296
163661821 221530430
125021788 447042563
263806053 215508815
188979409 814014526
16780316 144749924
651904996 518551491
173362370 297988182
832077100 47926741
988972729 618937350
632373633 961552862
899684271 901187243
605345456 561465922
