4891
272427496 97187416
308778135 663350233
318037843 817853468
982394514 737719378
186222004 844923523
200971602 881386629
71288729 214762027
496929680 855247805
899191205 48730330
435721382 354325314
788456449 379669582
907572071 266896335
595639423 920506059
457449395 267901359
939571968 699616439
790195284 904261915
280670104 680316440
126832191 267050008
539977410 598944137
90842077 930539381
52468836 872755639
616272708 456507814
557788309 459637438
483589546 576186779
663883816 580127958
223687025 319899636
319563235 824748094
72442760 171347170
475595457 123251179
963550402 714752737
503670172 43835234
484571736 680923130
56331125 522337902
629596117 281228305
556515128 512115336
486354710 391394447
722687873 351698674
857952000 783885472
89928961 564328195
462963419 696124260
775411562 259459444
410097406 85879326
571765323 527871749
97405522 243981496
45981475 828332835
830610342 127550767
712914370 982268116
463222585 178880944
153277330 387772715
201573498 675145744
778288636 293313501
901239852 649897934
700468496 52075525
566868588 699148036
106353509 213053733
887830982 805072281
520243039 256265443
740462201 647647705
164393256 835479357
355340930 207788703
934725779 53582826
754402817 877015444
312773967 320166409
640811391 656726528
511866331 333556262
309402484 251028959
966678954 276580021
317155300 21702095
850757821 62506940
146087376 686660256
20300739 42428913
585576675 815309375
156812537 312697138
760760386 419076694
470906305 406545716
533159418 304553475
831809152 56861934
235761534 150694482
738035604 801271387
137580343 289802950
212549317 372944837
526698471 398006333
844759736 94586234
465950059 869356114
122251377 238805674
414943088 718161738
330806182 297059438
557828545 120699241
656532120 926302746
386100027 549248558
823085609 212222263
124610993 686956690
754962984 253816023
470707073 279184516
264772326 885283281
899364450 119805458
256388552 291009353
747658057 790197092
979015242 456648352
147650075 972367646
48641778 845995016
892655242 119404058
942074619 285086949
251486553 372375201
390871085 300252272
155285135 105092633
997703031 923173448
867698345 459119253
602640323 796583223
709139169 706091209
892540019 980570635
49655387 995987351
214113419 277418073
539145062 432988320
955848363 931614702
434747640 793739123
163747940 260350872
353247730 711531446
459388455 935627937
901240474 475392335
92875868 316657204
107981289 249336013
728529189 966719491
444535104 229579460
174613610 333207992
327001191 476899882
987356404 478427974
64441260 58448719
890477795 849822786
800931695 649229951
408029771 670429310
79525289 876552036
492206049 227225745
872528630 800838515
189138268 925448229
814974264 374679312
100386853 806091521
899283379 424873224
737447471 804061863
706932629 703467981
350340541 884295169
883827816 346411442
578218930 150921732
656627792 629984627
764861329 256918583
671130358 530098558
989528662 720369706
605999871 741962528
72858642 822641525
979717222 244921142
773202215 672657827
35172100 14441736
577026184 917653233
486122763 694336344
188052474 321082851
661468114 956059774
46617956 670539053
994351795 832624444
788246025 474290677
788673043 882216330
452423871 471676802
389735375 139943260
386517059 267509886
763176514 445464408
138242950 329327348
498261584 751259872
318142919 482963835
789953379 870022504
431373432 4852017
32957658 933358954
64651036 851740547
908131922 20301176
262859085 824609593
346198564 847006568
64236100 248694026
167764209 445369699
416678453 560773002
747472594 355767130
821477272 332065860
327719887 838668654
51778310 59027651
220297557 250432737
570714437 394168431
109017036 18109295
242969219 6560031
36469285 714951650
856821612 962031576
7338838 71545629
590312600 168059273
648541948 555973357
934791574 177172331
51486333 729410935
880154965 663855015
427867183 699254881
847634237 677393404
476471157 310588966
867920054 773547666
644865054 844026520
795683985 392716084
66105175 672440403
227394123 263363659
609563649 17566936
800872155 476911625
182786779 738909426
751904377 101008942
644389137 180721220
87541055 739777064
3999891 880557258
809614348 127540754
811358353 181120008
800572071 265069098
707723184 272522525
313836693 492771380
892236441 702593647
888440528 859717360
15882301 765034139
288296331 805996102
539839888 156790228
732305155 376954997
734259135 303332740
656896692 880294649
153861135 139555676
454443155 906565831
883161113 782216795
731909170 521426640
515196105 269136992
475309230 86641642
841306218 800999677
179645810 863536168
283992247 6263041
33659825 533807541
565450735 170525696
706852181 221521169
274904495 812826748
497181014 502180329
772136508 279275652
637897185 161690679
174181161 934832780
834173571 297236229
323243714 493996716
604293916 48330623
210402820 714041021
907725265 670104497
608110780 382219308
394908000 222954006
692999545 327155478
332709380 282949916
253230086 920076284
879001067 844999663
450747674 824300157
598533274 263694300
908061971 232458349
568407210 963658456
568834570 578545782
995222916 858938713
908899962 674956990
345327848 625157010
149878317 841494163
577405877 398707740
631293918 994746380
124135835 449165624
469850434 215180118
418952852 750327294
610786344 701310858
251153884 432453258
842899174 419246833
937157076 883659236
520893760 389009203
263016266 16273030
710655618 314952295
591149939 224601212
801935368 634840111
903363445 244969860
544605730 266174441
266042744 198846692
706111299 85525804
475659206 752020069
500499742 546485593
400518095 128563095
341263951 748383783
232063457 975046881
762864413 724237593
281280111 456868987
704178387 720948717
419168431 129889855
506621003 382122583
946880343 761136019
400354504 842603523
997412513 234917617
399110411 52698986
806765642 690675398
673148311 229782271
541359738 409206149
391637688 679004074
242586907 35528181
999065203 294314941
889362218 362717451
363637104 502710580
214921140 657896259
633901747 737620687
182429717 932921881
266889591 713535443
461648484 732218216
815534233 184185139
875675635 964557752
914589163 185688490
833253923 279667921
800162160 808514214
198825751 856016373
564160703 432324609
531367136 617605514
378255551 306696537
417210499 572954682
6268799 668893041
176740118 319254273
883661296 746236449
132091871 359229800
836922949 660753197
50824078 136076863
21390105 811310053
444150723 413987684
991977306 602801170
272781072 867977095
279698513 783474574
300467773 725165194
949291027 105992208
842520498 30171309
997363509 932538875
865362275 859478382
767935901 850710763
40100252 246081408
597852138 187445639
352184005 856025545
543919336 152592043
349886439 389084705
597029001 399354178
793123326 890388694
488512198 318610092
526118721 113552871
809084078 808113706
32891499 481308788
503603959 461565788
568651679 647640766
489769032 618505337
892495011 887978166
418345056 8759545
582881890 965357350
229975684 486879984
923716072 310190899
707835295 280775263
871817192 180136079
543896747 219255412
209364792 874083025
938856395 473203678
576712249 843936253
344867989 412290163
297453416 316182672
660761280 779610647
159122452 32755559
615311289 550404319
223422926 986393441
993591352 849548316
860564418 85382777
332766915 683493803
945332456 61367741
744936453 238680367
849667241 670146100
768978930 63540887
137843444 662717518
722459220 527766518
777072124 471961470
795375794 427943473
526861809 138841571
756869023 888747353
719226302 438167555
500932558 565854331
143952113 436121442
818264059 988809606
346823560 775278454
543795696 906862458
251544010 41615202
688285368 494132239
466479356 994930048
784481200 375196299
241962674 997937069
143048964 221691191
776068492 605399297
501848423 685829347
933170641 300180505
956113337 947709933
426963906 961656664
858266696 566434502
422354566 400561501
17990820 21066146
613871080 693372604
433627130 465063399
767337741 398381216
912633935 210910308
717480067 583417564
436652063 95027695
232678916 884000036
616077481 982840800
624953076 743074316
217674809 413688387
264277213 473574585
106628664 152720835
135365436 60890789
238136659 954044484
911016754 706785651
888180375 215989570
200766596 942814708
953547416 592088471
76903850 163931710
738588081 811526610
40469229 770876898
423535945 739403808
928655915 919920737
220894387 255011565
751280747 840183484
686348007 7904292
405871085 912035668
119055315 912670619
41546099 565722541
606062329 54920773
722098699 873544365
693596748 299430538
424477101 652175797
854241263 531570731
347178556 567059834
955072273 680948702
57445631 289792948
781543957 776922390
764470412 526864785
927435557 34003644
444741660 8585304
796548443 898712206
8767925 999458454
907369350 316706358
191935321 599476855
355270700 182261293
186324553 494448468
800991773 149978617
86986864 907720452
58433353 370066606
742724110 411485057
101421143 305391703
817759362 333364628
993175176 760816920
521774610 345473624
88689237 314612499
340581332 139705546
421289528 601865502
264794633 83726667
120065119 879103981
201650546 906425082
368410540 105802512
935876239 647729200
739516902 504537425
797262934 633594185
959127680 479414561
771775308 528229174
981203586 37558727
744962576 150093024
110676510 318804700
150107641 421397559
735660984 171042702
935015791 626573200
176758638 211313036
287759364 960459748
886941842 113271322
368079171 88122146
961028133 926154879
385701854 271262057
687567706 671221502
495651976 102910626
307744129 945716112
968334072 608256647
210643302 617138672
509550822 497172054
927561014 333515461
152630742 929175692
483033655 379052990
640930609 119388022
599276158 653958279
589978490 740947576
982955994 36181829
231536792 856424525
495929130 358020528
852384641 320488379
200052110 185101387
207357559 113992683
176739491 948045422
436011059 158396340
721474134 923341141
552975993 368163863
667115952 211618500
712053681 54804106
59590748 514808539
462008526 346272003
93536024 38453341
719437824 20591766
106496498 892253379
857923226 871223764
796067192 401338583
221221078 66501450
232796415 45041348
757702456 222808381
593263822 695521414
473275675 984416227
478374104 928874986
270862696 148399552
286730887 577554617
221108909 681333176
719718811 683386480
990129860 58860000
943678836 542831071
301475990 203353071
175283370 910310967
271758890 416852552
8798627 607200325
999875894 260982515
856231699 643669372
284296704 733117021
318056214 14151240
850831063 70641041
187486131 985112445
829335848 76729983
700576874 419085206
318421421 686968554
628594981 748257593
354759853 269420782
466738270 234682571
387118366 295344894
530330949 886351856
104997922 852281693
544190753 179039378
676690450 257127121
35532799 850529367
159001541 372270720
353661842 217336492
140546075 323988223
628640956 266545300
953631748 234816807
912060333 562948456
35966576 883560362
443110378 425434448
13436897 621356437
283201160 438645557
275171531 297140641
308182918 926197635
259600091 612494562
317330305 41596527
933873150 468393049
757218108 668896901
918551000 123386615
623159654 576981702
217398130 821656371
121758914 5286354
957756094 590061672
422771229 346492706
358345982 873759674
40470146 421107484
719982854 61459597
807453569 314200444
687035863 588749528
901776126 8726209
232846308 751879419
827826594 738047652
152860483 863356252
357117616 334877601
684518441 766090505
32599220 386031632
660842531 285683056
446781652 762342876
914340515 512109022
240227445 457630974
486762288 644825396
901894349 475212392
85459873 705669045
843543959 97098517
944875927 595479824
825397119 785595155
960064620 341774314
506375545 536346185
864862813 508331020
867590081 139489026
722480160 338924138
318478284 350818284
85564813 834706348
794281491 878901481
800649219 826653275
875074635 995008882
678279831 221719208
340992302 24825323
337706973 754804295
560582467 774958365
120259394 321322028
292992434 915315301
910487852 370369167
403708052 102513779
787704390 897126914
173578805 13948334
424564899 830009801
453873174 305797036
56618625 615290983
39498653 617764985
564422419 839901100
43587696 956543679
137199871 369760615
384624130 202870513
156610693 353151746
897758239 40672093
704760333 15015671
226940775 667524632
31756691 482895166
972097545 701044524
104556689 138152805
428990875 798483160
923785453 366527643
561157735 312556795
260776824 220690474
76691129 554125797
518261957 135819987
245372922 535446145
185297285 24810681
111168730 926543027
158208638 190667664
141891323 579489381
555617494 924843483
622072426 537926608
46144022 194127549
794636169 528972224
805239241 457347760
165195729 643036619
464375810 306306950
778868411 36977608
916432116 481816468
734618392 996405152
152707242 276930869
701227042 156132745
315008825 971049664
444865908 839092875
125537868 25714914
80306616 396301984
464394240 256547378
85795288 201894948
986970953 151365215
244196399 695956576
558454255 798859369
430018056 850689862
724299911 455976968
764581353 455752078
275800313 950756316
104658639 891914027
90140678 510282991
892892372 34799427
635188876 307059648
806939590 866929801
726362125 867119691
635762512 927833415
139499870 525178047
661419563 135968181
277790102 479503533
139406730 785137994
970188913 3767813
93061628 209529519
710581287 529071464
872774825 718692973
758843922 465836091
250685800 584072125
433114663 267409260
542550045 768389190
309259047 743162818
429204425 76649726
791469232 938695794
670012169 168859429
882576185 293432002
775366672 421442908
976230088 398733549
852606587 593996586
616994961 89310676
231121069 476343228
183782461 540578765
950557231 284264777
967084769 307627764
321288982 172609623
286309903 407447690
851273354 453439317
89323816 175266847
485814331 557785063
19328886 726911434
146476022 180505000
267214867 486155497
718503404 606987351
808948270 525548532
31891084 909806687
354562227 194292776
126761558 290872177
230208067 584418908
645964115 987536886
73270233 199206190
802670878 395431037
248677449 649370012
667049357 990160748
741220388 485851324
680160864 60170091
986301629 637697279
315578172 585762741
13118418 946557270
881153534 494219416
777149263 916240307
541300462 146191327
778043600 987222120
913712764 478824285
254483796 107827742
380862733 288577432
171048237 110273858
680980032 333484513
248831926 902117086
113998372 988556854
314535146 783199854
702001159 466145780
549721238 159333761
858160941 842988044
572754056 508710829
916421738 249210975
699174890 890399647
623197067 114750644
233037082 322224519
344918501 166250540
969330062 722566732
35861612 682614569
140062680 559353474
858829743 906354313
777060894 599600603
218085075 824760235
710555352 608293207
513263434 446853959
198716279 729307883
439570149 373357387
82441295 852149650
692219458 232777630
51254446 540259558
858714707 593700099
825984599 445730604
48253448 985621677
280689727 650477885
66848142 692359410
870578446 485857925
885304996 721316064
825867064 182790629
260073543 971432898
805514311 883744503
239038274 317582346
274401662 604160340
611428626 107796782
121497097 149893297
632619107 3479982
176669013 78591421
970741158 622281990
64369217 344258359
76207525 496221101
503672156 111600362
524583436 50045359
917141100 99414585
101799230 855666760
210045091 273265042
107360120 700929494
826777829 425298061
286849898 717694653
830675903 180583779
356979512 318512626
167944558 435117154
167889008 422940265
19021504 141461559
624327476 209110286
806542964 614998519
727748541 217638734
727451380 488729459
721143025 460547045
173411431 777948835
944027591 207656883
436763466 35187244
733294525 308423504
112389191 838917671
650103051 334055476
609032891 157384912
556942796 277053046
488878801 416829378
680916174 206732082
53133230 858424032
563885999 101546640
665847723 796059307
426547750 242332317
327703783 432145364
837166702 296310494
400739472 720779501
524101362 474163492
711289685 481258262
182137481 564130542
907049730 57937628
106524 923288163
352724871 43620526
685253737 821218301
234367324 26047058
963792463 466687099
362388490 422877936
231408231 949522245
880235532 828978233
550858443 379253023
390209471 774592897
732403897 776637274
494452183 372652854
96015569 165552630
399809189 881054264
729657892 295989459
678733926 927032308
623527917 375842772
381183634 792424614
361195048 154668431
648427399 770279858
614475060 735238640
776930559 906385842
753614169 285245169
558339383 923969099
983686036 74712451
366639217 361481367
931765207 880187734
970095297 925238260
305903221 929972254
4751720 19374872
299267411 800304271
718951620 284368233
265926164 649264104
269844449 874134391
154682996 719180815
472287643 214156642
80445173 195153583
672363243 979618958
711532552 103151080
826796009 365364993
127479169 997116145
160521722 526992586
236848948 904388486
867689209 345446942
228881763 844783256
484877684 143974933
245799209 575072704
224837767 301274331
248551513 473109692
424254322 778342714
711690086 985821907
494596825 545850178
701797646 724218610
418156797 996461774
776880515 840551838
772044836 351763240
291600631 741178627
652067697 852057893
85028401 407950560
403678165 407666551
753014203 215288621
92478117 865468220
501784489 326613197
315348986 229818712
337140601 399261384
314452088 757254093
980785171 56380116
294775862 774808014
898611040 105663047
10663761 992230485
586552660 132912354
105182051 34128151
898731673 898919736
676299083 216261617
473162654 778871109
328192048 62211955
899125377 286254159
347486101 202832590
377589360 488557838
404335094 834003550
906733449 769855023
426554531 90396056
140541725 441641190
63056964 739397831
917381928 567321186
163198190 209046988
808998770 92859346
199207545 734912278
115485765 335008657
119148855 611785676
606366928 634028824
263713502 924997750
665810178 506758893
706906021 855401099
363489034 520524129
456936031 590741184
496350414 87675782
610130477 112684820
449449268 384611903
951858171 491237678
296381394 78236239
285974446 235929705
978729655 155661993
672255635 386961858
134838021 926771291
600291478 186971212
218649693 995993758
717073439 728725109
424192496 148001542
353238976 501125700
259488317 546856065
326429072 211857375
387615065 496430394
387915274 211222476
484907283 250250281
877909288 468811902
178946234 326691265
247413562 182408979
511285610 202994996
27298129 692559919
931036174 588080642
376535053 729150169
31131329 340748012
671019151 987156468
685140348 623668831
488473135 194067925
953673311 130858764
673835827 169799166
836318178 679950116
263987516 189777774
791266812 199374687
381834312 576798773
928706301 541109195
953349678 503285875
109242145 712279013
236984225 612312678
144559754 763695277
709845375 822362118
301867670 309258405
723524161 18548530
8613442 136680451
893732156 39530426
19718576 556054964
948100503 226443964
38362509 854100022
630582418 10118737
693872639 669466970
378628704 389000099
687935749 943057905
812623972 345258785
219858413 87652953
25421232 787028947
677470237 546887719
275667581 973642833
619727367 466867870
882491180 633501188
254678932 998099560
753540541 317816960
613291925 279346053
875367898 241516673
55792862 725352235
715032018 167202621
231355254 214629439
279307388 238067500
596211962 884196724
199473606 425621736
364440248 551282
451174486 581704931
219040963 603020771
731348047 764445389
299407212 602055746
669538151 817584790
603316537 259651364
432846982 786582970
263512185 256299700
459472079 836687578
798671224 855713018
850636087 127803857
239902043 781316518
471927390 421945112
981875328 636937785
976174770 847501535
743223974 882724127
764022774 322349526
815245132 380929664
150327845 23120644
926297684 671202232
922058563 581634850
528139965 943236104
779454666 232368336
94784887 488245858
371433020 476197129
814050869 131180306
206341082 902087248
293777996 217865531
769149345 453820397
670138274 32142282
304862798 667988098
625195301 533341784
805450111 935429609
666356137 383014011
993969673 625540234
800675959 381426809
194846317 942872119
276080591 327843473
849613867 430914400
824688186 551053384
989526 435774885
995072929 68630495
980917770 799490203
495394755 481139062
75300341 446877899
68325032 997468500
21044110 50441968
618221008 170733138
113819483 843851971
441843908 907242461
275489205 314683909
165133404 520580013
899801313 725233770
715736061 597380787
206223204 49314085
796844754 957869098
147046020 333909633
770320502 133458569
132179709 937005676
943970983 403805823
669049137 296664012
343350203 483719910
253763749 323552264
302774521 464545641
577457666 27208663
3584474 360029561
836031325 435441405
904169286 893308625
16427711 120669431
862954982 142025835
325699428 635986174
931190486 557597809
488020091 445069398
688204799 823710916
872166120 969528185
208856784 155177244
697052011 431649699
900063078 692026498
339736549 379868412
461648128 701134449
266185943 118165732
600476829 316530027
858209635 779481837
64504930 897537724
992224448 338160499
142306469 368348842
60621694 470988128
872038278 483932842
52365126 756955215
865737530 286417252
190341675 787295875
978863258 814911902
951136149 635696950
777713440 232328372
322793110 501338763
11241268 481542675
660956162 627453409
238600701 286953301
627694094 69220388
207954731 142800397
230931517 99833207
388186973 250478397
575687879 361066172
338165214 690265072
479711122 539993254
50264799 286507548
761093996 149164622
930430761 539597560
403052313 539319889
631063419 884387601
931099343 231267612
321281701 843564714
316321652 390724639
504069811 636375808
563195818 242987845
943763333 451300120
301351011 617184082
106822783 797586257
374342449 801144883
550729353 709165360
622192658 73361816
780284405 103531771
282782014 571547
61035231 418721984
102795203 738485641
206095352 873105802
565823935 317776544
304089227 233754712
185759827 907874003
570349931 775088507
379663718 102685139
148025900 23854430
962413133 532716212
381058484 632551460
364466574 717735537
31887926 5169362
887684634 412886641
45592417 646998693
857471132 17820911
67010378 642019353
602502171 333335725
386504736 988087174
88737896 608362446
357546159 456104260
789138260 986852819
237835212 151984285
740464951 586736729
940237290 997196341
908463360 620287816
97694280 957448425
483630380 930842432
369642881 529920082
77372497 109862252
822290090 769018950
215339541 652823760
422168147 996513792
77287666 902727900
538991082 423435581
750322534 97515722
619582620 749408469
827356829 704037601
958798632 213938733
541982703 7079378
158062663 572441974
518057073 788596692
305270178 907739319
764297661 836477676
844304890 370422918
511129590 339489347
825101845 365141692
658287151 856775276
690023181 611117926
90856694 533259619
926257549 230368169
591305640 317576008
329119612 681822171
594922754 848864093
800399836 486981778
432210181 143821543
686725902 380580240
870014018 413858026
251035884 551045959
107311741 828090353
714565503 41155211
725170421 352772316
931067460 488554799
942077433 120093235
324419764 815676267
859115032 862683631
658501481 55775778
118360889 512958447
949678184 19663620
74522468 928395153
928471372 614225230
41443676 882023846
549093965 768659304
668990472 4644164
736572745 392634891
496150081 832551779
956647754 622851389
807358582 47088842
494364786 443107122
257449550 649502981
232084849 171756729
663829002 314017865
504773016 346912376
387243350 806049621
409629481 642907597
836334760 883338143
189578696 92696229
602752732 194622565
669617380 237213973
522389489 247411115
37775443 35856313
69074569 594260478
917637224 941021848
555536383 815131875
774118623 275800139
976057093 828931245
280289114 633753019
579479290 644309515
595579790 868302388
611186257 971288996
889360507 916414402
614397645 769230760
752882221 120921341
471403729 622286367
921953166 768753111
334815748 423475183
419571263 4629148
712796692 649260077
122295788 114814447
897410634 149991201
198093929 880508492
339252428 563292622
974209548 97913226
422517528 489608390
922505695 929438262
922253817 154451403
77578118 92904760
779712490 298271568
288136190 177662084
2180345 522439156
612542779 447691792
319564945 772202526
708922562 742148523
246077711 506643967
866085517 56890624
419595395 530686184
79493320 818073898
208376069 197690269
255519312 611994143
806289441 142041853
592049906 86230463
331454656 9145026
134408293 446209630
204590216 395018502
126920107 67420263
400739819 151783508
911959465 559405659
568505203 56608323
399360573 180777329
519346976 968938773
744952844 981081868
488765307 177180662
794420580 100861962
378372098 969560718
859257796 818883377
78234218 903173180
718876712 956595348
905608805 178593116
845509158 801001126
364109188 910958312
855302839 163377676
470981985 993133036
31798283 32106559
6607489 35725082
661306033 495471214
774598798 336240594
194838629 484251482
303576065 283706236
826395430 896993118
240178428 929493835
716749097 415366000
697917737 300182882
165225881 804868053
516905825 888885382
943122053 948560713
600118734 244166459
495867141 143565612
387064149 451365881
782370917 634196072
203945497 139516961
372263760 891790706
578505894 560981999
430911693 832486070
710203275 693475042
911838368 758344559
50394790 637406232
449631246 882460803
203581245 535361882
165949229 816972215
36671932 852852713
549466621 565272245
530170039 827058219
661277544 177105117
16494889 264541103
651752302 856858905
455665302 464390997
477570248 358004886
316724128 863983902
155375953 326662854
585436573 905400385
442153692 810966477
540437069 911373009
14475199 67961993
128043051 894112397
722745690 223521712
75120436 276886663
403936826 187246671
10414767 350681320
211101112 246276950
88581123 27783110
555492650 900863898
141726161 356216854
391689699 154783872
445843790 373047763
377545655 266611552
561116552 354859985
410171902 240959323
622169235 228730918
772843423 941876328
778727165 40252314
961913439 269886546
32883461 272333249
430837147 903363629
410311326 317676602
777077489 978944777
935465797 988759362
375389167 963898251
63713627 664274670
393744310 745943519
268470089 448872095
123292134 102859637
689101695 238679995
591980858 768496362
622645443 885112967
266567752 294448056
882218743 397685713
20394228 294741972
733271101 97494785
780408298 970130186
840514594 809956108
446211533 918112895
865750607 577452004
74206973 395459547
553719590 749801408
163725976 188381041
996786601 231824833
710983859 754947911
705323832 839392459
64554744 204463310
827717982 251094856
381281851 651611706
38272052 440722149
801250989 967516369
535635579 227407400
705027809 969460973
502238427 360443461
916347923 524078653
55032849 549685224
996270584 376070993
737586309 982580073
504791808 364175277
826688385 24284893
460386829 760827517
505424230 496710497
233303640 903198523
544857100 831906270
576575429 183669793
761828591 806142961
361417295 214837952
352094075 150239971
335820938 161531435
983502700 762804983
113921292 996471074
250814515 563668558
607690686 548778049
997008767 168827660
289667508 115803178
793251638 735333830
602617179 575379349
798681811 491128735
602585582 473983514
809849712 735777150
603556084 313376612
312750845 815064646
782096835 82932339
125721099 808645083
427740667 466643892
17919976 300278441
280049381 661119179
800521374 360083024
421067712 66411268
133838478 364129366
96191216 769659300
674206189 165540083
588387564 236631408
988859966 271053675
577530690 171138240
880094231 213171672
727743156 929173724
279903683 980385595
29094132 576849419
929022785 977348916
994232839 926827008
576599528 336334822
591647496 106307708
592767396 230544058
38886908 84978163
192343080 996553467
126339440 152678039
99473282 450071097
629436794 257560168
282020314 704891054
475189533 866930574
913111885 545103378
778942121 540840510
721345542 834487004
169454179 476249003
395797481 381861250
286461987 155688557
270657125 532693342
248017932 341701807
85845486 906218329
354641251 751807249
504745909 779038480
752493604 825220181
185723078 862991417
721946141 762864089
48205943 314280128
10530923 890276543
625730248 732729584
83310361 900326112
970146706 184370099
4459006 693949237
514863382 337461650
454810981 340694856
546711094 80525101
44375106 3678481
783042354 166234100
49238054 227305190
334213504 678861975
600663037 108879825
867148169 831865147
955648914 345031545
918358478 188209300
842275174 561091299
515762561 145669505
199919810 568076076
458010660 528004083
944707115 631094529
990756796 276081343
417736466 916112542
456926699 50675894
976585230 564803790
87995438 984044058
914571972 601128395
356025537 860298895
863039424 419990206
960113975 785536576
22839192 566141578
361000190 78471424
816323360 860676589
104244390 251805142
892318145 942928404
60800444 880726052
312924947 40231633
230384949 247748132
839376994 192727764
694933078 565232510
306066672 728013947
436238936 41437523
920095312 485872291
696352304 294685485
882564151 893375014
504622044 556908315
873188512 456509433
577269864 550764458
836001403 361875069
689477004 690152503
139155730 308355
176230095 239028232
627703906 541292557
128657387 325872213
761904820 27898110
769408384 709979230
65857920 827036272
617477906 154322957
69885981 372781821
955507842 120395175
193749129 704078367
987056901 855645625
585132439 37670064
500731614 521127308
770342472 219045376
117908804 419751095
87529204 842340158
981183115 66734576
105038136 484930815
43524724 380838803
801313478 241403869
478924752 197094886
371993456 347504152
158048503 468135029
711776027 706949741
143677347 288458529
849255654 780056048
596387003 295649104
58354010 348759413
557370565 164948475
709388710 546769597
750336539 868520036
108065447 143999072
311279874 56075879
476606775 598620150
190911934 324510928
345271826 756466439
563610074 817351090
920500444 823798463
979742944 779769644
213513579 510807370
585683801 923493714
241317822 29956174
413868700 750581234
665621079 743272209
607356082 553845887
641234698 96167378
958311034 477067296
121140382 750914323
205798607 785123327
237616341 718736848
430573568 510527699
103002713 83837309
980152828 504406210
71598886 966072631
110421574 171832368
931108314 19508684
802680421 714329170
391862891 972106135
876684463 32834457
748696515 439442121
345972961 132093622
118039515 285363768
590917424 295745321
473578658 604713228
368410948 260306223
429232201 294087333
158869696 374441534
276612293 870732137
380668017 403434520
725859572 438530797
415683232 689562774
447765492 169555988
168372477 857868070
385662594 647272239
24207135 607240601
591337935 268199618
369486814 410442912
694599306 787356922
777552482 161510209
292930255 702746737
485684665 190539351
119361908 958384867
603306703 693936091
480078296 133786817
294690085 96931754
562480340 137485945
914312984 803838903
563765079 934661459
622142313 50963115
952584363 541105635
889704168 14259644
326491560 899323805
759974414 100683526
984336598 367755072
792559243 724658262
435634142 659095416
472867262 477014700
690774027 740476892
334964332 523235787
997618194 498618690
393769691 550235737
649789043 895347268
293875326 988743798
462194523 287789816
791650316 5960779
462989876 766217791
402084003 710355403
622945830 879610165
898546983 619026159
152315901 418405403
249157757 368066207
701688052 637728595
875890426 320109956
88686910 407221623
953025933 260255447
906330651 872907148
683624118 779756512
886800222 139995
700141637 867336288
806745194 398934362
207149636 812184456
152892294 298490239
71739324 67579515
523778937 39258363
575702244 724212502
145243832 78793502
765497533 47503049
367716201 167700377
989609286 25987667
917519398 159942564
528383342 636588475
627040648 680155583
528935718 319302050
107340076 172988809
113620617 403013600
565855422 197135430
751192989 852268332
292345220 377215299
659680555 431490704
641192667 325104541
370842912 542857330
836644358 649297510
656705482 172595319
586183144 932119676
883972089 256113949
273604207 622144867
674485499 729905716
605023030 881702822
792458372 554420846
99354221 111165359
681889510 377890018
301186662 898809911
512775875 437746814
695931473 737561800
116022346 274977750
112448929 762668221
227482723 3539883
554999550 470470506
950475014 703553642
978938212 562834739
827343850 438350703
618148071 249979176
507071074 569338707
908827574 844969967
77293040 472318938
48814144 737155388
699757544 567110992
174232345 2570221
989303154 685700825
221840676 737593913
184604782 148729575
799356891 291023532
527865540 644317576
728883123 750788493
719865117 166016079
313049821 426065478
704558812 232040765
17961497 791380411
633527634 127704179
645602913 914860123
883206307 607026245
323291240 430576925
664047287 146541558
399280620 949304473
860120118 991466256
672168319 210087231
289005201 172158942
564735485 82104152
985487223 131313884
32229181 116859055
836192128 995090831
363880022 296221286
863687181 443099161
299177298 141901471
11930483 851305510
481780360 975971824
114824818 808141971
751689979 41985748
629586472 71180611
486492959 762312405
571749018 787805958
260068075 138295415
791881221 87304952
958404269 406331194
407676924 722049108
994668000 799168207
956534840 131132961
59334081 132571763
548815211 139323059
314873185 961200462
846581377 208355602
557398322 730143494
980594251 281219098
704639499 717126342
95951580 412706957
952967688 131137377
550315415 474841933
422712630 633783207
937113474 873079594
783283410 867694504
929120245 539337608
984161936 702774491
99076301 962772216
618112058 666938330
256019717 20386579
824782975 568663720
474741961 833903271
809075567 978914118
624490643 884094608
148264754 896208418
698494660 303360546
894157609 166120798
772083988 778279332
238014076 794538930
593051586 947248975
92627008 879221787
194165276 121185971
390324846 75162999
724789052 155603195
11663191 830479322
140847755 440132855
754310330 25180894
580497179 443975106
105211180 692581897
627533105 260164405
425273182 585734242
614874738 754614012
935628971 194671947
417762464 566916964
7489311 856184793
243948065 776843004
8806254 105333309
562930455 788910387
726616811 980098532
365791347 892081074
781228107 101830612
988122008 273356632
71723737 503879115
768248497 694413225
125963864 331103495
374268190 31976917
510223660 574320609
981404433 106779274
188106437 307731094
388981093 703629315
839594610 960647449
722793536 580855252
196831245 298172447
928502586 575435561
862850584 366371057
389719584 112032028
603772125 167890866
70581939 898961369
60817160 175957309
11904242 341787926
614439493 961114388
117385396 692136116
946236653 316969423
215180676 341257355
968003006 630661388
996163069 601984381
100103080 371722793
675203219 753660398
192120030 396030943
10463771 433786284
135427954 673925051
332189820 398805679
145006625 565370762
603318020 550616876
326890622 949933633
248938868 250480213
845363816 724988026
736436040 334797790
877219154 745094365
24506441 201067922
776072432 9971777
41742884 130661944
576631692 179151453
28457825 267724671
464393933 804206505
873805299 654282654
116777528 350997463
182567443 388554095
84710759 635596934
264924399 923930621
183597111 958501574
950804470 659220285
127820839 56339069
339244326 360425231
916046093 450854788
235706514 219886854
458902183 282947141
443823201 112427962
127287777 93132525
64701949 506711888
442450529 448379898
818222349 22001941
129602201 480050323
472874452 800648693
905328109 363608431
561981476 314528448
721270532 683463371
403721715 181599297
655492166 421650449
52581699 300256692
192277650 461773796
590182131 250999145
217816455 96847256
943702910 475973942
272598434 485597508
627860384 661588597
225183901 68634743
733406912 575197441
476916471 66295875
523413405 545166866
455162942 36782018
903575484 235936958
34778215 150639952
365217021 59280745
310655973 621582983
528012623 933578371
524678810 266143353
315182073 868271181
15442879 803918725
994671734 640544559
243662809 810000257
739764612 482818767
244145903 161538779
437223580 601271725
6737143 389531274
965373076 138953753
329290529 529208351
623666210 668150284
916727388 938223744
986369509 839726199
877607992 574321038
748508783 671829670
841026514 709289789
280873670 947262652
236721121 512446142
337441661 573319555
547273190 705690415
530518100 318338603
358954605 820867108
423872048 188692990
951831275 602534534
327708640 425482181
735504337 982634200
545149407 823199609
534658183 870386594
839304451 212941937
313415485 172578225
369947689 851875412
905369437 308586204
292724065 668540690
490572229 777611519
375424296 236400773
155202254 470052818
954345899 326049012
68071033 732660415
334724100 639106528
553177715 21567553
827676452 430915668
690708877 784649031
672237867 777092169
846608496 199565595
160483689 510552034
198771671 115258189
377750588 186027021
587745652 181900614
486176921 709640645
588644928 262645935
115835144 63902110
244657519 473391905
530872288 704634310
142592965 799625291
581009595 126123777
753818434 19147732
910054440 581116651
452337049 521362581
975684350 282314507
250306563 360538646
357395622 46247491
809831005 797265504
943555514 91578477
669934023 242498354
541945374 302271010
91668163 522544286
901729889 481827953
449582958 290376878
480130293 594136580
222656165 290962323
46808336 455596538
537615556 322255091
420102574 655199354
44091065 195814761
475263970 917598369
703470065 674008906
904848939 931671589
5860334 690483706
887588809 898201555
688466340 991164064
639302251 906661385
993805383 443670530
228265031 609297220
673004781 389229334
427085784 668297020
746843636 695529005
249060232 639181178
394637005 431844985
39231863 109227576
424311406 980795008
69185813 904920178
431790400 656197656
784462780 970640828
983750427 857839366
641587793 959912587
614285276 72216035
289141578 206736943
261518270 198211443
935847928 766214640
226051879 272659817
21940518 149812535
225542029 288206571
445617055 920780008
465525523 151111801
594176190 987549037
38170388 84695539
128493402 140314351
397471392 940096061
95569075 169402591
962391938 619125659
984741857 933217222
308540237 208682122
15383052 209972090
117860670 247200755
447425399 918928542
699037346 153669674
425172238 820833767
42815036 842079825
967952442 199920477
374561098 703621466
293990184 720924176
52620742 773654300
812365785 710644856
132410227 667530786
424289889 996088142
873966644 182892989
749845666 895901283
58393608 760491950
998314444 565276335
364547951 280787228
891667740 2908519
923081022 795796406
848196499 347271340
373440172 627007332
17477162 919960862
694059821 617464913
980381470 537517437
559531121 310483553
745788431 606019177
985883273 857037734
897708228 110920320
709419423 484312839
452739403 66503409
971604663 292239994
506805044 952072279
139194828 849546079
292046969 366109304
253162102 594935962
717465542 759546169
937784482 319091310
621454578 424918395
510440014 130614949
928811375 958115950
50095996 251477702
753725080 232058866
208478821 313121867
327266194 494564045
645378482 222086421
729387134 542221118
462827785 336365108
664322696 879467453
571419195 94375368
803780704 883111164
745024755 939003937
755362652 835084815
280505860 81125351
481199602 984892564
111514383 107021687
393991381 553808515
170340732 379581357
381096126 306360967
69564090 56132739
160516535 690423290
133623552 715807133
957305445 86716561
729486083 136287905
397700617 697219234
781350697 12004148
410572609 300979551
934660230 241597989
353497461 248244704
150127469 610540398
333400696 799183143
609168425 590433676
808152130 577756114
737837311 43216071
782098388 717168166
997554571 9998853
34927350 149691655
92972694 408615189
947931610 112980323
378505873 993113048
921119624 691946869
919168264 716385348
518507183 514435666
96860261 364652977
821085064 647254589
30671792 733784838
512904667 603095639
197679809 323996806
694750132 951374627
66434654 955883501
840739024 470999814
476447886 669416700
19070280 928414236
461346238 728555623
98466100 371467384
690318961 183570987
655219441 328082924
187664562 368978478
572429860 305693819
387231132 187715106
772176997 684659008
708785516 417331083
952403842 124633144
661841791 845870848
679814597 30794646
954183314 584854181
335594156 724043278
687780147 314089608
926866387 85241425
727333708 119445196
913766694 571284835
494942216 804145087
389680042 708469679
747223411 194103531
580199093 866578293
73414890 453962408
806855172 522375364
116954521 954620616
641692391 241059105
592505259 941538004
810867764 973081092
870024146 453667840
783068602 944264336
684405914 161866091
793021913 794336043
518163192 407839599
85222629 726039064
695154685 675508261
321042234 76160111
489899197 860035939
474061935 423578946
91570107 969470301
766786106 690668664
801537142 645895280
420264784 155609267
901873177 382329052
50442482 501677190
97143268 999040748
283830191 668356437
958507438 965597634
664859272 433228173
801281165 862610761
807818056 850908847
924632206 395253468
908441354 584026957
949002079 976055197
693839319 481335791
488041384 209889764
731367534 38484650
190154975 933975859
230314511 279703631
80526064 543080812
202739657 533664209
142511691 846273546
781969425 127436245
964086383 158019450
821992335 571859379
498604609 1536695
999753120 398226392
112065751 874207320
565998770 763468766
13227352 122183416
477319743 596049506
52183226 766688157
928967268 299737525
497195653 211726761
692767357 539502388
89734135 315552740
747592 122524005
31929049 842657934
85226983 374702219
478987876 505811710
765314712 875498489
582951014 810958107
444750623 708339124
141688639 4446462
88467534 373457674
426637661 396598518
253329455 883386948
367471423 625848587
472111258 866794666
821557743 673654065
107237940 202430333
197381084 510640749
689503244 29956344
422143562 227745518
941209481 388629299
726257250 81430146
305221799 7213613
427610314 817228736
100623373 132795399
122849091 67872759
516055459 916139978
345002436 777204057
152520217 468833005
198974167 810703232
819286075 700482310
647845137 127892894
524227382 788002266
313960110 998357809
326092155 335509256
172601386 123214329
154785243 195385177
354973472 963588217
205676315 268063289
407882218 444537598
200241984 823636754
709135656 45812204
332226997 403392737
824334888 236018285
318703479 798302665
809433622 399252003
215980228 329795157
622149986 821761011
589327581 782627131
82991425 80464334
560194608 680177547
449089763 991260632
927723712 424340665
805842434 736265342
73222740 849143269
980265405 588964420
474524249 905904165
579492392 510318147
243360039 552126035
776932742 876762961
35849389 792559716
427451817 798392285
953550396 519010742
258360504 114675253
238617746 552702611
848823110 866076093
618274465 192829943
724356438 397211724
691056361 772253542
32447974 108594843
464771108 80794451
646087321 469959527
596358724 985747918
401702881 842749535
43363229 113126225
188598133 212092620
480800870 472087007
55179982 681714676
968040841 859023470
473107223 357229421
181438970 31355927
465311665 464678423
646066412 994556628
786309404 200281968
890679167 267178136
686955958 443188737
347671576 238356775
593845274 6160594
316844401 347163687
858246033 163175973
841820133 249754348
912535127 248186290
45944156 197979775
151340125 184747324
136355923 367620794
656909338 512897557
652273955 21667209
940154908 854780893
466834386 536733083
606033235 948133186
693545454 870148119
101064355 694245839
641264553 847660995
600156118 932648464
28708214 313417209
458724056 631692332
893940125 296218613
777086160 619931120
250934645 505105535
606170685 720558537
414505623 522736471
620504191 441328163
337993600 130039652
118425371 980530487
592683780 721874577
440197012 381747131
224648132 381733274
590465763 688705678
229242713 292313589
739778068 591844037
314611984 12858510
752347040 13140996
408932272 546090241
554926060 737979455
959905001 535878448
502703318 243594018
922853902 591606325
251485389 626260441
834116743 694590232
418241325 978047016
698981308 688037324
735224712 165896949
912289479 101703685
680415886 545844056
432444999 475466264
265006315 852135425
746086362 50133472
94589745 874722400
344739257 736362606
266407329 810160782
154485501 849834468
799613503 584657615
49486879 596324950
936774585 336883501
452724750 909526326
58355332 36772091
471771200 644299881
869901389 346222469
37485120 174656875
559872160 978509746
971023960 237966207
207124507 157605053
978620183 240727799
621696033 593129261
160429890 372255064
695909463 974747952
614020581 553425919
192726275 450877048
894956742 930681274
438727300 878655335
159371218 379126507
653913179 353978825
467674892 790503624
1521959 614041298
276707509 730196938
108270282 918725106
920900105 47855766
15174014 928769235
420135598 570341936
290087577 207430081
893177619 890847553
814820739 50108317
11590606 49051326
267149023 201081435
641737035 89192785
792750704 742324617
606302804 862640835
178728754 776314649
979649126 154853909
940773998 29547942
95388983 208697108
23270978 652317248
132728499 202862321
345707678 246348404
260008891 98775716
799814150 671101042
569521300 802435360
637374926 936994167
315961644 782127095
697512661 682740233
602333698 403880924
159847815 770435889
490961070 424790951
504385850 625244007
952692091 695796893
947294815 755124943
43920644 776225215
897605408 597046221
402227167 48080011
1664849 810692355
928181261 77158496
195113304 324078149
546855862 371049555
429567750 497923184
825816271 649902022
384875702 310050691
483237770 946569556
911802181 406175425
284873857 204784965
724283196 291554100
60937806 798723929
120111814 742442329
124260472 57922866
457935077 39926683
476735398 951682296
497757894 688779818
657336210 641311161
993637421 927240196
675930216 133285377
442822613 980729817
317568690 103681127
645178463 361972736
572205858 870281164
478311459 570937863
467984637 246038670
325495525 224943862
125616378 805586347
284783857 654556158
718187501 412698758
379323086 84172874
679356678 328152840
303994736 606461525
333785384 218695290
312445071 408850517
753574379 48682041
708577513 101244976
842469268 256641723
107461817 332026360
843047112 162322865
939271747 409019881
718807692 500915436
841863083 493010653
582275895 427085903
445998165 297635785
278868912 568020734
947319227 331722811
161945341 174714690
655433843 977951073
442997697 303052885
694930665 775828365
992760888 569776429
247475513 57230431
268050205 401568984
360185272 885810339
161862116 710501494
195171540 52663463
104053194 740660685
318297988 337696663
625392889 119265259
598453977 728786596
328895435 598456924
453397021 224319164
452892695 64026637
53581519 165295138
851740399 743286002
502125498 852374445
209734672 492807542
540103148 479687052
405527571 115109275
434847498 249990275
798223726 244590429
404419075 462174003
315336431 816347724
547679315 437032513
223380868 873154023
759480929 426408500
876899201 531720755
816034572 205879601
480133027 593493009
17788682 129237700
58703017 333116372
639437143 131512746
188051966 940813786
307887571 582933607
50753439 612236073
328398395 957838601
907417176 661745155
262179044 435409160
973033974 619236608
132866722 165978992
422009074 559293376
267404939 857126437
93758176 630690885
825105136 988979750
25366431 396407208
151419358 50227547
127173136 256276537
519473008 143337107
988626791 104317972
306191433 294522525
653517903 477535027
592945547 505653607
138438415 790009755
319093195 403277952
899991120 872840828
443437229 234722983
334075906 828710889
450411681 29555829
633394272 714451485
652345874 501622223
916859072 586374515
488150240 40345814
375393901 117348837
449287316 925867496
554232545 509413570
207937826 584563580
847410254 296166397
5683330 195905637
925739203 676127479
380903022 748012206
101054098 683307876
837947305 648332023
616178018 808216915
938114376 684669716
294155192 141544515
803340542 425824339
37071642 216567541
467987968 6390610
58644234 886148802
736328668 130946344
260606914 187894010
580975243 307054160
277605322 696904896
76456783 883686630
433808143 431767207
712248014 542630782
467686903 233290309
701620521 396513258
163014147 370168893
900199047 499710112
761064153 850670570
962173849 891152730
95869814 758441164
883375797 715022657
169789776 590843500
147056788 257714713
48066215 240968275
84765619 491067320
298849420 22447384
318065248 914981052
317264167 979888172
842414575 134962747
925573844 222410143
414137136 818126379
777363126 914219241
523554321 149806591
635035469 192825092
532310208 30793342
628221498 739983533
852147064 997420391
278633300 743773583
696279655 740110533
264289172 22214997
703615050 744873334
523802224 538048799
113572572 382525095
688620439 697857382
44866979 193030935
91907000 534753597
382192313 717194195
586281659 800739277
429323261 555015524
736004863 137489927
442349794 428910994
609452554 137301264
36972098 191549338
501347839 22241567
582473297 111080930
704920220 85908204
461352410 139733451
382297490 223717734
61366595 704105315
436715786 340545426
841466424 177071763
786139696 700707386
836440227 523291664
592838987 543055251
924899768 718281169
26161570 516158392
936388060 873991987
734632784 687172603
256521261 339478019
18003547 403954728
804955121 731488196
810556383 675607792
65914010 456896227
632270264 22479843
49669366 424680391
866065870 387908226
80275062 609974424
982701330 38986945
864540173 568369482
623779967 926027810
895358719 835773531
462470809 839845948
224562876 959820857
920825850 835536673
446276753 858144223
632874119 888552804
216829160 181848260
715707676 409723399
644841990 415528836
323944357 642694324
92102487 547203039
482543625 433661633
244186404 478573186
181126667 4255002
386603765 814683927
147356130 241458014
190184598 990474429
679253240 498615111
309897573 372968542
177895772 957659418
112023233 56401353
221359207 912744447
347758375 322248635
287485952 159143798
801231714 546665759
352536490 550519207
924876719 787782979
169350367 984674254
24628197 663683902
60834881 620101584
76939868 618190440
459763070 80779925
882849567 721771745
324997726 88501979
213935766 220278207
635189337 449515166
315184694 173394064
393770883 244534655
861928465 637623451
489495031 714178099
26593829 303902449
800142887 606458833
567849176 881072169
876036958 342223850
234946593 730311423
896933764 988729165
768603689 483737867
888134027 437584510
422634226 589761079
769193677 818108815
890103305 496474175
935216336 3091749
691073524 717806319
260304623 635035213
911190928 294330252
2283713 425125407
685885666 342111420
180139484 15357885
587830770 34127798
881317652 186394308
360788951 804684841
111539267 944378307
229846453 917368948
269705807 402043028
468457089 325484307
480739745 772014534
141810287 954184539
33070804 508459070
141264440 886713337
825459540 609571278
295414319 919563771
446455958 988615974
613016827 378821866
90694771 108127969
133317649 130761655
832063361 182835946
467972734 275835337
121839972 248020758
197251344 308561229
551974593 592624469
812472020 353733582
231608593 821552834
915404749 642391193
730221890 465323463
121823599 299234615
358187427 178211575
470646851 808939348
705181792 935082174
944501458 160532483
61910258 233347806
728728722 20820809
379221609 485885244
584124268 367129036
791705741 237399872
220659902 373799072
125125799 752741936
431830159 841855671
520881287 273101784
925893657 267176487
290854305 725772024
642310677 443360446
513765719 667487487
133380287 939485142
981378916 568462340
639976702 830720384
848298125 938197749
866188689 695354187
33636826 668913834
565591536 881295533
294082931 674592277
387823715 37368877
989833354 218006629
38012406 230368588
748361231 366798355
489257220 268029302
827373697 412944897
842624012 535838193
963178425 782392202
966664563 737928100
419178071 90437069
187224174 331783208
441106536 36256716
646477287 797506652
344869750 394922234
186110165 288172633
186941901 442758508
104559333 701646447
812363649 339728081
2422607 865770774
271554991 403001387
135799961 775191668
690799600 623583970
854157436 144425995
167429718 246880748
656901085 625232387
935928198 719984065
772384153 556331276
932064664 608441241
466059462 632172481
361496399 225151940
959523796 704012941
827870160 7243698
134711274 766343059
21142485 353893653
780841570 42851387
609756027 974265714
374669955 124374144
282438187 125036299
862110897 769860578
113702974 121153056
642885218 267258141
667443025 457283203
853220048 913640996
474068532 110572176
631192804 775935334
355746401 932766374
453064482 559256857
991665615 300196026
275571436 145763122
541805364 6305705
293807844 287849649
530418988 386089049
238282902 230283727
652716732 111438050
313420717 183346016
717229728 715380535
628482268 635028929
106427379 311910841
385140372 481352134
822034546 601463025
136452325 982968184
678709932 643057689
332574767 989889497
362364170 515951754
801231302 913163398
537934355 791827717
120374066 817907207
515594873 236422630
539544716 124224690
369992292 835875861
684366989 170103758
795121329 567677931
537088821 846196172
623039302 788941946
467644265 452447346
87326218 535065774
589746607 265714361
123831090 939880644
987784553 45085298
836304174 519841236
290862814 892088258
877252381 593605286
245649870 914640339
76052137 625043154
38180759 839007693
715229890 282032108
391472170 273207292
25157719 729268872
52170961 25987663
854066338 629970110
533331572 957704322
973349947 317443435
885064730 245969365
912386848 65536140
367432227 852337454
652351631 842277855
546371415 851784594
769078236 431336553
790848415 534262283
847397393 251118871
949876243 889458773
403815694 353429452
403331065 613182049
622161626 924788278
559531230 995351506
7846708 924503932
878693627 397139983
489025897 549655469
838892276 502162999
198425300 788893973
597889149 435525669
458511818 151832774
890179332 657528937
146869608 208709024
886942590 482033099
194800494 154269324
172183146 323288032
883408984 284402000
896282841 51898759
504086628 525951399
709418154 945737635
1471326 551087674
238904646 721383484
732322332 494951541
777382011 941955957
70666889 279055445
407693010 360838868
793819717 928137639
855178715 808183669
931920848 512272935
995446668 671804280
359283863 786547147
112132311 157529529
148591782 452809804
447228386 920075185
122285163 34385461
62363821 444383498
199330723 715810697
6515302 436986142
720868273 360796352
610756506 569643558
56625074 915723522
358628900 1697933
24900754 351925716
79891518 84660791
794371537 868668146
684450637 873800782
807368797 930092502
552104982 237400875
939193855 333820019
21522388 645003728
198330662 68532644
619798235 933383764
911436451 838056027
53448531 894931457
197301606 165039897
28451492 171363514
580875834 211134476
626280619 824447787
334188659 212582190
359308955 751983870
108238756 425130038
359657560 772834852
45034534 252737878
85782539 333386198
439948162 551571721
241760229 785270421
965505192 505943575
277427079 303232643
959679445 343083312
243342820 572280157
903848273 666996895
49875901 680319013
343920653 42546257
161234715 181171490
139899646 918346944
879659673 931143195
267864233 407988369
21655846 680008693
543216522 224262655
24352976 487275018
600567975 129127439
657337317 159267912
724166433 910213348
225538302 337944392
865570774 727527826
48481421 795223899
553274643 532531264
702508894 922637299
787788309 23809726
578255013 887203892
929270671 413669712
642503060 144470609
764907266 757233571
637394947 624000667
727034394 879800961
665286322 868746545
668106913 36584812
465692550 684260947
717709293 626558474
232118919 251916681
347225909 39900788
293754105 340186709
280502974 756178785
276424163 902216242
285324891 526828928
568331707 982401063
360969821 929996831
838518672 939444213
14918005 107432682
321680460 409000397
348353082 13759036
515092712 490295669
146610826 675299454
761386275 295014851
358131200 617365038
621969151 650713646
454875615 404430704
110221543 667528564
632034647 203485981
198287688 648928516
123396054 515375796
288681247 410185734
826760582 377651171
45885190 102915920
795541594 872463529
596527208 156185380
576994578 644193179
560876440 634266058
34047049 708644566
826238137 356844589
171624496 502835297
686829063 1544724
366770143 594998158
6839851 96336650
376568274 500009845
485670681 823559604
764406280 122413458
588602628 714797929
643864997 245526457
600454314 130291653
809443254 386877294
940930817 8183965
277680312 752708326
633552054 734624520
224975307 523935585
236506835 693554143
122480615 725649557
365628955 87947126
277901772 361658165
943328597 578023900
937748155 874957913
421039201 452080214
597112224 282642611
884316424 408031092
612585363 574162351
793252429 784743419
335278315 925292041
593231148 222967723
543565706 616795249
78339538 795009312
422413182 549807766
762625855 63783298
140041452 750801337
401946131 285377745
44993549 162014145
548322681 424809955
802522691 260927218
723122359 108445590
909911148 935760767
956357293 741680097
114124307 688498082
516321091 986504661
301905275 837822785
695519992 79958293
475605390 400030871
805903483 143736061
162179056 339050494
184493220 886710459
779096142 309912754
633209945 890895933
96608555 124737745
389862046 399016199
643225837 883784500
207883956 302415383
281289876 293972166
919486359 341944566
336857467 751583451
485450737 376604367
201315076 772722056
371613897 510845246
289261259 557298055
78691493 966222683
277750540 296974266
478195191 763816686
893171923 93297546
233257135 750588694
441200397 406748764
500864959 155437043
686234614 21437873
198380008 738249533
985516033 162018982
407470686 433900325
290600110 875930389
673320371 159741816
454625633 725872630
948275973 116619935
857175979 638426938
585905762 670170586
948223129 726235627
132499325 171461104
283972934 296260265
174707777 840513015
518986537 204732306
778512684 415204148
204804407 280840156
654549335 121421206
38163938 343921307
503437569 205363006
691493276 54035533
643412108 329165794
121432777 409218688
499471462 188395787
698026438 166749338
791166202 597613639
730633749 574321943
704281563 223364327
204971385 468483042
743250602 833176091
635845748 322363963
675700333 550350329
571775715 829322266
560532510 378347862
983283786 612784749
778743240 847111966
533316330 887994496
13304294 712160799
971285707 913465040
530188511 414625091
447068320 687048267
561744769 368774797
187923350 981182207
26984455 405565389
440238993 662017134
965542180 751949323
709367572 373578824
238458108 979591316
658774452 933133277
377747298 633471641
268889060 664333197
639990620 439800068
688270156 386322898
976767335 202590643
139126055 789176369
647775870 494732703
552481531 582898712
381147973 445411658
927263876 365217540
396748428 407784167
578241073 939420507
319594251 20266727
791040600 966079424
423826851 542112581
593276336 15974827
362308665 470786808
319695926 158930738
91128817 890638943
594884027 94186275
503430835 83365347
296138074 497687136
507748706 31141446
370624183 949887524
399370383 986744036
832221143 944677032
354431428 537966797
291715368 233312806
353627953 359154684
340817237 315527660
62598332 118367186
697391432 103855959
436536276 146983030
236612856 451449854
871996690 798291086
259148240 326593616
551494774 548750212
115949210 806366484
875769729 845155703
714698471 180098199
202391048 351833500
889837268 434690414
804723241 254331183
972713318 417397803
667567786 607221987
501469341 866754581
84441979 576555611
27510014 545912406
513746592 685470699
644077490 244749883
846827104 538346307
149633222 255720966
362789035 318396757
935367162 661899280
19379636 39149719
100567951 873044743
231078175 637262258
536596599 742963435
314850795 182692883
180869377 669315648
473861341 686569488
154842776 616634990
146056321 531650953
983712010 485285031
517748502 918244833
115032742 59739131
554534703 545468244
517982796 199970184
855990601 493983371
824004159 149850088
362649556 406474221
818861643 885602855
746672738 528256354
770378409 587946531
493068291 543726617
973672542 411409418
423046930 791901577
822553581 881129139
86583684 634543955
903621124 301562662
829363454 131085575
690250586 340870279
488899569 520237726
749514170 329042969
810289861 780712407
736024726 27913541
269550910 643602996
609264915 504298940
712821377 4128439
865982127 888706803
888947072 99087928
641213025 747245193
967532659 236039828
804151439 197625241
583353767 887789312
776311889 39980267
728992343 235747518
259663147 213727385
666633795 493791853
885186098 166401492
722980487 263455501
832395021 136789359
150489756 293842177
47339634 46449782
590785078 549118539
30320831 535592731
310040934 290866905
243622886 899867905
932846300 642092051
98786932 62447682
168818508 138445401
2183802 893009359
688284961 46735313
299199983 971596467
678266253 510095866
842442094 389815155
395945162 968018052
829356678 944110291
84665667 225550027
952885335 237369149
345636945 605248014
118653113 953502441
132462749 767576213
360550251 78144249
907259426 499276706
998200233 386239125
497198690 532172428
141596084 162016420
246142839 323597458
545616871 346824899
162635696 578676681
295558220 857740837
556993948 261724237
179678026 233537218
937896253 7535991
22435133 159155012
782719554 410011536
441424107 951376410
925205661 294324179
912721757 282090140
44023608 381808641
938170564 678064272
39107960 742719728
768648064 153491130
606586380 33049201
833523314 915993883
83099206 720978998
927145419 275916328
499398306 731904669
90991488 429124565
559304904 260318497
920301118 782945967
792032188 739727940
451956607 555522371
289496241 261756441
434806959 616489730
885890822 544696337
50734879 646209179
62257451 753122629
996998316 498568805
871123423 645626335
418337330 725472876
28802134 796336614
247824342 140315686
352036494 976899127
122537965 639875532
352030813 869015875
140030921 492855082
128402282 395202188
441822390 145125902
705786200 140675556
93913565 886679336
155180005 872804616
925061368 92121156
849464677 576928478
445352536 141218898
495460129 876060519
391411318 333383006
869078696 953985012
291344793 229640033
811719963 328073173
871383737 999247889
362938630 87008581
129905133 535800090
560688390 490854306
376184646 933195436
833226145 621159774
762388553 927670865
819457418 860173241
52338076 715644717
683852935 706778366
227903868 552126061
625232927 902520225
587178906 163444799
986236304 382049807
300696812 262496632
24367864 74925137
493055356 604290800
825149802 964703815
476561931 604927513
568733025 171941719
501999898 383350943
589492515 740931941
770504849 236245674
904210575 567187036
750913192 168399685
541388550 131790897
418516170 649607348
117777440 284449430
817039282 351627952
329015525 805918886
9094517 68875478
462829432 788942237
142099663 325329437
869370203 140972013
836058318 796551255
293956932 677157262
110105904 128112725
328992720 575903648
164565149 845309216
590125294 365224459
974946498 564847175
142625523 728491272
25690777 391535519
359681647 989509561
47501917 134564467
695700242 878527942
793641468 296519584
493265809 303217578
349375299 13064810
902585431 175196016
283430221 945922842
865558325 769886008
558367467 577203818
711686201 498051209
207823335 816509099
361846106 149359998
690333418 404012540
722996563 784496119
493171548 107796045
180248624 163744226
743974380 32539302
75788258 952042695
191752878 733245704
556426054 313862733
340832006 450639890
197355364 501294915
923578457 679311593
161621170 570283463
371167562 362003138
571015626 725563685
858256076 952474981
177896157 288296290
856425256 714968517
538297370 82302190
695713709 746351170
904069167 454247909
900481892 152344845
480852719 220440304
200404821 536275800
413836079 554976731
691804507 88769285
43819505 331847258
238141621 700490255
259945511 728127603
548211966 435595598
491134692 435714457
319069667 808764606
461110559 222950935
479787970 862353845
947115183 417058089
800507052 14252278
898374047 297768544
849800841 277737578
993424638 872902095
98558226 283515236
697346281 924214387
116701786 971600240
840380497 778701871
884309385 701997708
189255543 565597095
253352319 998176932
958984783 173309798
460570747 548590216
889855900 645051212
539499216 908145099
613948111 426905599
912997971 977248008
230013378 322954444
644582339 485139158
917929206 153825925
521592387 157676818
819222005 408593301
996983791 849529788
662194318 990334059
449464887 393556404
116344207 627570160
388283914 552337720
571476067 895924268
741078068 982489322
748925711 263027583
831481651 247465697
848695715 62831228
515488943 453822166
415675661 630909235
524640903 699739366
673007136 380217278
961425111 329863777
438858369 788106096
46760888 51338969
459908843 833118310
632911023 678866177
274558312 415783309
218463939 767687273
33159679 822130878
848250957 950449245
115626537 209614265
676136557 649948977
865271983 323717828
13567302 861557294
123927257 690265930
214662713 99934922
996860356 432359043
206653226 504063682
454044421 433717512
773786561 142939211
245053570 254780544
750534381 759265543
801774124 350690565
255844494 568399781
123057898 267768081
36618965 397359381
90253817 647414465
561302107 736167271
54727762 645849870
399192381 210372821
86519517 834884787
877574270 400652440
900086316 820610363
748418631 135444438
879571405 392728434
414555850 395874533
253978572 282918718
631039366 501021919
666607661 185439534
851969684 422904044
999582965 24058719
567776047 207799811
847660915 977152089
696582476 418899416
143173226 480150758
896532444 12574521
785554795 490094082
636657568 669561891
595446420 134942884
131363393 422716500
640177457 737186064
896230550 914589238
775671335 507990591
705852244 373155273
147299796 329629727
7101163 430789127
806050817 291934361
195872553 779093054
476771607 552187237
16839653 344294267
972167638 130475130
806898303 961241845
821365994 366249855
509646196 681301764
534002903 166342416
424561373 629474260
917535847 278848954
7588542 404903818
722411122 650024668
402524034 209982836
544457591 331042975
804469014 646792334
887778093 949007926
426209157 653114898
847763014 393067330
212820598 76119276
256427189 158315427
94812204 60066772
262226434 216478213
64813075 374694308
843125249 209496341
298744602 986669731
770190318 732331955
369515432 146305139
4249775 712472241
569557155 299932201
417513555 596505162
917243336 813989246
389931598 478395198
99372676 916789226
636343650 824360234
110418845 470177605
12379512 752645908
250869446 609349992
57011610 330278114
782875938 732552074
160770566 150827851
6425965 725366377
579719501 877421339
176262861 846293136
418481127 380352190
606731387 280689682
922930500 762593791
181115931 865320556
907580420 330823315
457267078 98959262
421622804 475248681
828074660 144515615
368941444 961203992
747418104 233465264
335954862 144767161
91808386 458424528
555218893 593115665
614744221 43700499
572488379 15622584
123657503 100573705
698471767 7957730
451288766 644852430
72938945 439850728
655467747 312923022
531441239 765350036
688730598 186704571
242403784 109585497
942389309 596120729
430230001 959117097
152545972 852049180
262874930 875758085
727785543 841119568
891428147 133124479
68092758 213235965
246609960 965684402
124826972 18017854
688085027 386540730
506144714 421576067
280599157 406196678
213716378 667980376
861072674 938909984
572510815 175787330
643310733 927628820
433246059 470945590
938559263 476536061
848846765 642269007
36067666 938916252
893639106 534201301
980518232 555683808
376253326 598703373
10520378 201392747
323838945 742561095
932532640 808504380
419661189 283180046
980088489 958405188
26521678 788380070
793376482 480798932
928991114 978818055
763158069 932667617
951588267 458490909
586861075 536252712
751626015 720802458
373662924 893035459
928820352 352194293
498422394 755376807
310400662 181105026
616479486 18472828
141099593 502090749
517455057 969412505
959991484 185648004
666532134 41419019
231491396 220031162
754239980 267320657
481750033 68627993
863411535 999425429
628653525 335088560
599146409 419423085
889506794 505650252
187452246 363020103
536760379 476989807
166593197 959451720
515841065 708359999
861448613 416233691
263258501 287301830
961413423 852678255
123896670 557399970
301942102 457291638
358893740 486606201
162415552 983887207
967100418 744946519
69020806 1535751
693612174 86264388
95265112 84743106
24123371 603947897
983030764 245832176
783974505 725632353
78318692 55395125
778466209 526263248
562242118 252505996
681407927 938048182
929211047 936523200
618512541 726314188
878063761 294544082
769969711 317557316
312069841 890508761
720360422 396896449
724098569 393421656
636479409 515995598
910434945 151209096
893962829 77687167
559844221 686613797
572085628 853588796
757299762 167900452
164653735 393416636
458124718 24370645
221416458 415519302
48331829 55410633
432631293 88889195
365132918 346520300
64914565 580490658
120695870 172255230
228417243 634522359
878881267 752304846
82285253 218434454
800860040 850113807
471408801 655713491
854420764 699267435
442340162 543241474
281062323 984163987
797827380 946972903
215841924 95073700
933860940 432856338
18057193 16160863
782820141 448414433
100147403 57602129
196636876 19415381
256708530 770256628
251703585 693459258
732177547 719129898
117357881 364853618
84900646 292375771
733462367 806716576
70862055 916388924
959081557 443737357
652058971 5404226
755222974 551813388
238635557 310067657
762815699 106683000
516193996 775174835
815734055 271253452
371603457 250430415
842491558 432826002
175665104 722067452
721135911 102860796
757333680 258941196
112328381 856541180
551823242 45756226
649480244 664046787
480146614 788921047
741848711 401661294
629393939 686080939
827660187 785973795
902555652 264716191
870286002 990542809
603081373 722667270
192014603 768019295
513640575 188164547
894447354 755161695
958655450 402483422
223256405 577229799
24423458 9396960
806554368 300011697
527031464 683560846
59375514 612793482
710108411 819642109
421596637 816162875
324640385 489666513
150709941 237391155
574965478 390556157
695581536 764277454
86516329 625938254
783771187 629065858
506881269 114041590
220851347 736213735
560329517 875806973
203116031 921834240
487772151 778837447
505313730 235194406
350509950 322983834
764567454 185577304
486294545 904472987
990447118 550166849
936148301 358750436
109947956 417353745
408119772 162763397
124496009 768791126
860817289 551785996
107523829 146473113
738109257 779550236
127786362 937712511
9426225 841282183
250289368 848846899
24505673 285629948
377086573 716710388
863675769 998880884
948640763 298122255
597614517 939389828
206144421 510328082
302708242 840626921
257245028 952078428
836731198 240456712
54029080 858837928
975442130 78388760
524787239 3682044
337463906 558638794
366897876 720707689
490082561 634190854
342535848 894959206
338240737 441823180
169471870 682427727
398379932 789058909
348210692 97035862
548524136 790045216
187355021 439526804
83509529 109662268
685292142 446688243
299124295 355320166
843040907 259586175
388781353 319419329
37050415 870473868
387854221 385684805
865491885 484537491
306366842 326793361
195453579 479018986
189964103 89221173
104662112 408367489
328702029 690127766
168382326 731911260
345774295 183756123
808169366 196500976
478673915 300753600
853417941 984591037
791664207 540090389
931123490 59153396
24954194 294425845
565048579 496534801
815819704 959960853
831253312 350156980
532920300 115332572
208296127 789031522
741301285 289644728
231264579 848863190
806709027 660622335
770614417 637371600
169419968 392411819
478604054 502797674
840395779 802325362
128345515 958564622
940978748 774105232
28178070 490014381
981111139 555756597
173911503 590133518
835390203 232891922
988896412 406255358
456911148 791263151
691718484 145412582
688148298 691881167
990212579 635202346
294011134 851994576
589892058 164692364
887328431 64375504
616519278 15245124
178625259 812464118
553971323 471956989
411495803 151691373
530709593 213205844
392954157 365206535
656690009 839628456
534688240 112744736
327902946 969749625
542974219 206987115
580127460 521082324
707729578 682267674
392444988 629476885
56752196 181600084
641043154 639742248
381337695 346049320
182150416 539862508
858605301 767745899
249847493 135446401
788064132 635564179
726521171 819531446
505328728 269678789
283877973 480096031
205083413 396539856
750584164 302514278
218256440 109819799
386057736 238201309
960358521 601986517
620759424 150296408
705764178 906900407
786344037 281341214
602138615 193357513
832143441 193271874
849595051 948125296
26656808 834413881
130198418 440372665
172273738 735934208
525624711 86074333
599073006 220154230
274428189 95426060
567416100 190051785
169666809 451437365
517561719 638126747
524083225 886421789
733460095 998050151
726914431 330295570
359893874 541931186
551232720 579074472
557097395 375404165
487484486 289231235
875524832 668454862
319896779 138961125
871870545 629202521
710543211 498877291
349923839 548457979
462312207 707765969
68071544 652841643
597438728 855177644
287124214 781725185
768440035 408459091
570433795 527422136
188172747 526193455
41229406 77250645
927673608 106924761
876914445 525090997
681325089 220943534
366366557 531498624
537861260 49278576
370250887 441801589
788728506 309138722
187974587 244006207
111742200 766684400
704541553 848004698
397635381 542974518
517654805 166288603
917624349 148227382
833046659 421587326
154436157 194694502
511399892 614113078
134727756 553861561
996098405 161677039
772528399 722763616
872320497 222548547
921701655 425667013
989393607 368418288
771400074 994053318
344743469 446797905
177725217 877257869
435410068 2113226
881814373 568225732
357239042 33835297
811489734 704087053
405140897 898586283
91798609 405342440
464155158 961130307
642837563 569636605
343579020 668863336
152796251 863904824
704699535 872373353
268730020 599864271
257256473 951279728
233180222 756830004
770512072 630388819
353941594 199439688
354723421 586799587
78124088 851078538
345365610 94136384
962620122 135386159
536285897 144950458
422732019 331042821
110459672 340708775
562027955 209004993
26941163 992603858
720424508 267208908
364345368 990433787
951971272 438205612
951014824 752555341
667346471 352692679
502071929 704041934
520834860 546133680
671799346 784740037
307818264 825066839
311189196 684820687
172537579 670572187
553129340 123455890
845143991 376329109
333816599 916834515
914400323 713253863
811951410 73112845
400597393 113787740
807336227 651532230
66673544 931972300
369651437 461857627
236129642 763366391
715504894 475200865
764664408 170851309
455929071 990833555
823030780 801505630
552500062 949259834
357798599 774705873
601695364 573914125
79227641 484662100
377496551 428125681
324327630 335900788
939478818 107968587
323308784 347175186
340189641 942629887
985437605 245721245
312398373 490037841
982428027 704839384
621476805 338642540
16515341 145013645
20446036 432847459
647470198 169794176
519506849 898413146
520816185 923475838
920834785 955969015
992969786 942468006
960425665 823552002
222775261 260741634
993425893 198201352
304865276 621988637
167085526 85883523
514846885 570065452
190014813 443359173
497756138 986393005
340669543 441059966
240170281 887520892
394974832 859451716
977092126 916488053
700528074 512519248
910734198 331075538
544236282 119636568
6659089 457371613
841458868 450235260
898158662 644653915
569507701 558570260
623877169 789776838
768672358 196397006
993329895 397248180
976643178 160822470
759791595 698224928
652386791 855556281
231514759 156731292
511421838 152925894
585599183 49463017
825127265 551076194
749158085 734233618
281875292 932437937
472921736 861217866
30474546 693993256
236797893 285372528
415389281 633173212
475467346 828094999
153713310 204794062
158140691 328314015
713659540 898431452
687394170 481439792
783586766 141314462
214059296 592332407
361251169 436033947
934643496 869568403
325874999 837663538
398563053 566990774
678368039 422629482
749381961 452324484
804237577 36548492
669165910 561105168
725600067 60717566
814043797 899571462
368325576 696765030
809489344 914124524
225753319 647808910
950374127 474162309
68057996 827079937
536564851 678801232
31426466 832219573
833507268 655400576
694008925 147721262
116945714 491723382
993124944 836577377
484553898 75502038
53135376 961972143
877279248 930878092
735978276 815215276
276437880 589022027
853271760 915650757
339080480 639194115
164053181 557333797
236839520 513063306
330387758 938699907
823772156 509604001
313083113 15121101
720598402 28435091
741410774 577859179
305876052 710684043
888210632 595691783
209035644 79031015
16860003 43965227
74907632 593597095
699912706 971369465
108201166 277122527
289036440 449754668
762675195 700008275
286862743 813035155
500870781 410994697
400445934 587502971
553973044 833756318
410221622 438846521
245222488 29677998
52856040 867837180
219768854 755181249
540361175 555288422
870107313 226559774
615939770 922524271
583347198 661762535
126976502 136967946
807561068 317140390
995996065 729703921
46118036 884998107
880643411 305229762
637982771 200988466
79498149 679104641
907225680 943390731
243315485 827963272
259387155 372962150
356539063 245357406
323117957 343210322
636733483 762231586
700767664 425268624
763248751 401258551
506844769 203801885
392493704 92923897
169604419 780998646
790148058 377096580
545188966 150270078
295149954 853417308
748279564 837530460
781346959 170586997
676791755 267079337
223932194 846239447
874705849 876508747
413086184 336973192
676338795 551269746
730583113 97955262
48923125 373268791
366004501 210664858
546766169 455776806
708619691 904758818
13773492 229649619
930176409 959450244
386985769 438106140
524211597 845265510
918485619 833061324
691892081 885324455
680353416 968223192
878906818 86433734
445918631 353412634
941096136 451648831
405596115 447532410
899422430 830689074
454879668 736383784
112445037 308388067
750925076 287528973
403909257 568784355
556075833 720510168
359640772 678378161
933754070 897104525
641115560 726459105
67752806 247592644
380763738 431220693
559780863 481023267
476728320 282525451
320483437 801322135
778272461 596809916
844475237 21418279
135360512 276191797
110620666 307585946
119981511 210784123
427916612 750227404
647566071 939848937
799553917 882572650
929627465 849777688
745088184 928623431
738220824 800581074
403987221 766987159
93287904 265247255
829282943 404177029
183944222 387232084
39925741 144658847
687153997 78063402
392476264 361973258
680632522 802636812
534235469 515298967
241911908 440703774
13012662 861052344
703207151 553653896
435351113 839963674
956052299 437646619
738611507 15401224
967347208 945193763
567156078 863782329
371863875 457951203
887318784 474030024
825450760 92908652
202606766 527466753
934977088 34539888
953682834 601003506
585461940 177113172
806349317 266392016
41846155 357540279
147280499 527940270
359754297 2890399
176058798 307122748
321589455 553100346
180648170 415291427
45150265 413482042
228531688 916581666
502789700 530279842
420466186 959165177
596138684 954098839
492705423 226714173
453654074 798389240
499091790 939000161
389240880 15820964
486358481 276475489
36390294 552493897
57117966 581843082
154080467 55607026
473221870 263489740
340257872 674356892
737846619 889944573
897174181 195858326
729488631 272986973
774309255 303968141
979829764 887690984
167999160 771834136
252127852 388591952
532247777 577203140
781739568 501997793
354734186 950893170
423307709 232946337
207319257 162389774
334549235 158936231
873768414 768950389
69524447 743818758
379193359 444124583
970142251 654670160
320906447 745272491
312973638 855706775
763788691 355778602
88581989 401706367
780011974 23822932
558643654 503969186
215338438 774764931
743755935 59795260
271043488 575361683
250001953 7772624
412289045 614668719
157820669 192815391
845744192 561612669
293469199 54128146
86793916 921804276
579310734 906984548
659761917 314848000
19860278 858231042
61081430 182332967
997605298 118567326
786359671 488622901
908203239 653214545
169088217 374871316
519685463 400924595
261143796 944769671
40098870 567854426
611176999 456632736
905008330 354514120
684352293 867360663
343563476 764121148
691943328 887528867
787756141 598085886
981175252 813824900
575025111 574594611
296245312 866903125
958514072 775052214
611481670 167412662
661151965 246189068
928871971 771895392
626068349 932208481
369420792 491908305
966921701 459557412
424113136 951551826
709264893 101625078
131876915 686270265
172521297 428967311
323369116 392679315
497403202 429138247
210172348 926935250
664843385 50987867
330032972 227491441
135279656 31699718
383677158 443736134
230589601 174315543
304133622 806678679
126106752 549861358
188345230 40457621
584953842 449764756
889987580 196000847
185906532 4972248
440603188 585024033
265290474 131699608
344626923 33207680
366681146 344901222
232535214 223358018
129194569 485408095
351703562 819148195
234816723 776641717
29813157 618628875
543467008 342471969
638715557 667570172
805972427 909443129
386947508 891040435
413550167 584883020
325196496 564993035
861642321 742708904
972291843 543258152
660844909 884537121
52408106 526455273
519842942 545089716
2176240 978995513
647157583 814175310
204507446 907044483
738241227 498928137
523407624 944238783
113365448 386445132
203161190 459129350
805993505 969536375
750377715 770751965
899924830 894845877
299604631 728370427
806154110 705410039
967372154 399048487
828452794 761680159
517287970 868558517
853155189 739339565
511641363 86467499
53842320 821153172
565505659 635711523
94457746 702234397
931147968 395830571
437514469 858124320
649264982 648072111
714776043 382548179
255846808 652412384
650456708 65051984
726615395 976746001
125447828 569101927
663113308 36590841
857754103 423058140
558031529 546869682
587892131 191778825
935372059 243818003
980316534 888012081
74616664 728271173
730916205 99074839
150754142 26835665
884778120 629083181
322352817 288867405
162471600 867592826
964495439 408887002
408519810 769215477
214059561 540999377
166757453 349471124
33011063 821993644
412972480 140539953
492339072 650637258
223213628 222492619
688746165 824825415
694669273 857150770
301736407 356725700
366065553 848154670
736670916 568540765
539978358 17016369
270182669 269308730
341245715 53358435
459609944 610364037
788666729 328267411
728945323 581602331
446185123 870408032
364058939 793585873
974694257 234460036
215495459 473605577
106860551 352336225
573173358 361925969
552718845 501568417
761192422 819304511
938522755 870120247
727515639 728674160
927400301 134306594
702334210 145416652
501167238 922637849
242097775 240937825
549725837 764312319
742974215 997777797
497855081 124073289
267071830 375370759
912821752 105504526
506218920 586693754
230361256 243841032
184653753 87414565
928412518 882707784
145015708 537737736
296533720 865265307
817809817 333945295
834142271 846447292
69221862 654463583
937327330 477587820
609400380 946297430
285712268 762813081
960114645 864489099
928090885 962266559
960729920 619214054
34481156 687413709
204530174 319376982
64216009 493027045
415850813 396755487
141786166 753973536
647652914 705647971
96800463 291814408
694248028 585541294
939450394 913254070
893363097 988441545
607064487 859913240
184031349 115646190
741612885 183962318
292737491 793074128
486573894 224871124
46091666 630468502
687565392 998915855
512401539 682787247
999031265 370911766
8554622 150862717
515348201 482236101
7171652 345811169
908112389 445574042
446947595 483614277
139014999 490917388
750517035 93139326
886374948 294427086
52744177 216723069
903315977 885575785
63535277 964580396
818778138 324921201
199421242 886913468
204969683 356897389
784585619 955206355
473059481 215907243
743058213 342109873
105794682 982935145
130451702 105585205
548008041 919581221
824609760 348578945
391402994 335619830
389531212 954693987
779679477 731242874
679666463 314663261
334970611 977310717
850125163 276278345
904824227 218965377
2976809 83214577
22318029 983059848
357933095 322572161
982171933 472004776
155881747 877733661
134292930 909015188
244454105 440638225
496624435 691895257
546170421 687897937
875599521 742839244
332498190 759246759
734860283 460027858
490911389 450066829
754569811 841526585
716290683 496569087
78228634 108336710
594814798 463189532
467787316 710046137
471618862 651695792
720446044 704446529
853964687 156745258
850372173 722393668
24029853 164870776
11994122 358308273
544857190 427790757
960343501 169385706
909893908 492209968
407777919 724717877
757885308 791346463
89166587 302188963
85290610 441106620
914975562 935850946
502037854 424967187
671035964 56924358
767236589 888864812
326247297 536418967
528460127 796883750
344910685 921203953
176123236 22335950
327395279 200174229
866168892 729663238
159509701 678011593
607621318 357046469
98837998 197159731
988238953 567164563
752714079 726218563
492552561 960428233
667525019 318199356
135092145 446702243
800394865 339731106
786961055 582623828
831971183 889552704
193868939 94717068
547351314 485031464
596758463 364107940
449882664 63228596
330588233 844954413
482088732 854864484
709174326 610469461
224028729 104233906
412007105 806814860
665069184 76757565
812517462 732003779
115609483 172298001
56949443 529437621
814976797 930012165
56164845 683152165
72962729 37112027
221497633 568499454
280740306 801087865
597892269 914327794
569734555 368012098
607558518 771976816
59170913 852779598
253503402 235232375
410851678 556155579
578409697 447805354
601248024 271332983
940703034 844921538
958031044 503907575
992787868 809647997
779609764 486630975
652145364 354427533
391419084 582933718
641849648 508432051
937706116 148298188
796255039 373759449
461714075 254428172
510273030 530381177
140842799 837651440
159349126 810429877
93624901 903948441
846834739 744465776
179546290 908830075
285688226 550478538
184553763 725692179
563151453 551776407
410029512 278480844
846219195 946951479
437044105 205587494
676010993 665668646
724323845 560911219
465925606 123134284
540279175 108918955
683310329 51861840
634650870 365341847
378909357 411144368
819647109 256195000
976907466 225733764
290135431 127942022
433021929 794158616
829832484 715831221
623965859 494660089
906660241 36853597
716654597 417882392
374725355 529440904
551655376 890330518
54052372 348972676
563684696 104941890
122435909 62463197
293632714 783425791
13355393 477233185
597193796 647383021
20230755 735718311
665073515 975116265
150491507 207687608
914217387 663262723
169546874 115886883
490438435 81250743
618417912 655589625
155956029 492181142
218824834 694561171
90954831 199540823
448812541 318027007
518853209 403286437
85521861 643714843
196233149 269728356
200574569 803583723
217743041 966810331
405845650 865047207
757026583 991696293
274117871 383922247
145524518 137396419
138726463 109248223
538151166 458185457
352262245 757085881
196634476 728095446
718703253 509558842
130495432 594319893
285234010 686680127
280206486 359656978
266076240 30165036
539110440 882790795
628033146 315133476
104024395 60399217
770008810 26848089
35820084 421530766
156085225 320050560
201311367 416144304
262672380 977733162
550901202 401571525
626236015 727102332
753766674 706335035
158707507 762231951
352845066 181523968
467093077 392670525
622155105 479101622
482427713 190029406
606798545 959440819
502367125 352635599
685693219 78247183
36470937 714384843
785897186 67154122
583148878 369278072
104626874 446186132
576404020 658967167
514196314 363747250
153499148 969321314
636126549 986296254
15028447 866073523
362289927 522403815
116607113 559935717
319403400 994408672
515601658 816316177
572255278 95546673
678441541 438032642
375560183 998436498
588387860 928241904
551648271 466841347
100007034 301497590
354475077 836042186
554606609 858824032
289983589 475623098
616413255 636265478
979593579 244752870
946595708 81250944
649395357 402224386
973532535 177731192
272812095 593050930
623024621 580651421
728474611 999675547
131642330 725206356
366451025 773272600
942803915 784931376
757855875 857594026
986392576 489502776
456667443 126655515
505831538 929793260
403808573 224496133
907079074 741209134
167396437 758723896
999675602 908107244
870966169 374938707
553904371 135594370
296366603 887510145
961837210 220608507
572333677 928695219
301636077 14951314
259477945 464076313
424995410 678281583
962063658 145458643
716889725 528146252
98657695 126897404
622375816 879178627
655572653 331807879
760674897 773909359
956231843 673642410
69823468 347848208
698940034 221683635
411845573 883952596
57440238 481623970
931571598 408494494
676127635 485520550
618041975 108450246
631836894 408459392
101786293 840407376
170033172 396317910
679921395 328385689
811214012 850709455
888643172 381395652
593279749 779564789
22649101 123074158
228054919 991515981
413124210 492046142
107507288 916042749
863593385 146882773
445357421 463813622
707624892 225356074
984677554 15510751
517097995 817889100
909724947 737440540
709996187 897404078
323559559 29232688
35068193 268794420
543795322 27108396
959393878 550749244
573538803 427343635
606894242 829129210
689933845 626081023
665532751 129169234
47183799 115298812
513946959 960639067
949003645 491708046
278264855 93238370
550675728 90072373
978837601 816124491
82997481 323283673
173206672 977054017
430513100 504742166
218004671 156496997
607542587 953135823
366377534 49234893
172069922 77116050
52750891 897673607
678825702 524482069
331956945 670712236
646027995 902487512
120431712 302918790
830403835 894211268
297055610 875594711
860403039 943956955
80221117 954932112
954566444 230769618
521895656 598295256
729689285 711481764
236087891 401060101
846835723 832856342
351473954 240223309
556909255 700950784
74175169 287454604
41561727 942349129
895413824 63289675
284606771 47302666
923223164 721000727
595135838 158114701
254476300 20332863
178202087 854247623
952429279 207538131
738837014 844885592
941238374 144818483
739140332 314004750
881170607 668839199
270316978 324771862
100628145 106010175
123484674 167211254
598232284 90155737
945319383 583443116
670782091 770289915
915369799 402794998
159682943 493475418
896080031 724801163
560193039 352137784
323613878 511164927
240614308 485012458
711902459 150320645
455381844 978809186
457245126 141895612
294492063 937731578
28018258 647477625
97456062 596719994
121433037 503649709
293756829 575548725
826618943 575914304
551635747 94885362
699064029 55524744
420764887 889295102
797354348 155713511
676317686 717687215
309788241 216411561
671241683 386213098
420280676 490042053
454382233 636832090
407452378 127338696
778716512 717065790
357574438 300241996
296171012 310392041
144078796 27634435
534591770 860133728
908535729 899200398
735105053 937709348
275215544 164588927
89068831 17873250
206560470 847189025
613657759 313663803
506305065 365688977
321875364 773149216
995031682 949533058
655133075 449020183
961727886 702288000
326990868 227674207
831164687 908391227
338425997 621397445
804651739 545746754
921120717 132708581
29571689 243371357
623529779 19611720
242538722 664701061
962856852 77753451
560923439 210202222
828409538 452073624
299147132 862709967
981948678 128122939
813671037 599350905
649336041 228596193
198362647 349174875
651387036 802558895
77430499 223699995
939034001 772080701
703604219 328244780
450931048 398059780
686914007 971716023
615444960 387802934
774160378 324035881
71152671 852527058
975482142 185152057
110201850 622559028
907838482 657876070
282161356 631471297
738755148 964835882
604530544 845518870
979545035 723324360
506071442 97803801
657037514 841399667
29993669 289008180
158536506 262232119
452726442 216970390
435607295 428568481
836740831 916868496
399671169 630349180
52310686 522411350
955492709 557759133
631064711 825870453
652241602 720845722
443195391 374223828
960912836 745894174
785824457 751897411
772266249 884115213
971951548 43042231
4017905 629922722
824161433 258948878
452104105 660142302
931746063 540985855
517889803 943176003
426942084 756997122
348176522 222741902
845638180 468324733
451680087 569534508
429276159 698290925
333239990 619346201
929554654 944141632
964601748 773921221
576429076 108919609
125804475 960787203
695118060 77069497
7376814 593800287
328304398 925576783
773081294 775249694
532410624 121596535
637939692 111314052
839156327 5185297
390794175 935505824
30450992 652577579
99768581 891939870
510806847 893854078
50779725 606480259
924002173 395397224
888601521 792220786
890289222 684267084
320638311 375308362
410230239 32314660
70514030 624663169
218182155 714925259
29410019 788033866
406401670 191292077
660099306 611178095
272059434 377040278
161379853 829448616
630118893 267844889
666742962 159628890
611902560 163770957
646317293 634107100
794770796 545280076
793245419 735416921
621124629 560189283
25469348 471135693
674204598 699096439
969815021 80672400
217933033 898081291
484070952 381208339
306966672 817369134
572997906 417966870
197185029 20794197
934848048 898027026
973987609 329728636
392332186 981693162
875757303 887553842
130401081 249262199
72674808 458338236
437505103 982053414
128432413 785575357
185192375 393317200
571048114 572729148
633848249 13675150
777872508 324657830
83862060 548911328
22638504 852787961
279669555 810470296
894567668 992737755
636921524 867822932
18097241 564903660
237139066 605790595
749933592 968991430
639772781 177533332
730114935 83358521
582985318 763124866
952638445 262875103
833136727 660594614
628385476 864908758
980002327 262835719
809007577 823622848
110232622 204165491
442442212 12769017
239119311 262542734
272384028 555346621
7858906 798368881
942101145 805892932
233852070 381437269
488256098 484617778
340287936 877137911
56924996 364445598
703007540 145295259
645649992 303082358
837991851 981397501
825189436 424037340
550861744 959690801
192204070 419076719
165443438 971910866
326134470 31829522
881602015 720163764
247432981 355177479
653932765 309198862
461705078 351902153
560434457 154164544
21109160 113209772
177901002 861653342
191664217 454124625
576232796 638753885
373244885 771813545
248855349 237156036
212734875 877395236
314599721 93488944
242642216 415097055
203551486 183477060
589641733 365514577
610862411 957056819
968191544 355215956
736298093 813104790
604372233 988766698
307967642 797311766
950465746 817506640
551306192 499975258
992261308 847086092
667967338 183031020
941963111 479351289
488852554 296303513
65430584 238331737
317602127 778538177
734942690 263156899
425225511 921896040
867528347 586831348
475543659 875149585
347070099 994755028
202561380 844714481
581304254 540425279
421286435 718447878
568251489 224085453
215420525 273631030
380038674 722169365
377781768 175868756
727459945 622602766
300579452 600466134
224705110 571103828
178190182 666282557
811642716 362818276
768220830 512903702
628683685 22380448
335113267 22449410
672111532 350696019
719604503 209730692
146718274 201701248
215913628 362238700
907004809 850000639
949752859 502564411
923454534 667846277
692851215 92645931
338182280 289391462
42487811 319950004
478638748 312560802
901841238 866546829
775390997 648761208
677288803 271876660
786225432 190483257
654293854 165172662
789653042 803329593
848012147 563973118
917504307 130888417
849487217 728257582
412778106 125043594
705494017 771318466
682100601 735968006
109793115 763738956
482299144 800310758
290446725 49321369
138867229 962153388
733352938 734632911
495232828 840769786
884523013 805877802
753796491 521437422
33244858 887743042
212009858 621707736
651166203 276472845
160173831 16245059
369174798 805243048
609511316 572427082
769543651 718220770
410056139 541457047
505212347 432499354
733969655 826000067
889382744 69816649
217587757 628841144
151734039 535763633
608604513 979688528
774605088 425403208
170395804 796522946
219415766 481484256
851539777 437526293
227969766 194349336
312885507 387578151
803835208 777396865
784970621 503650704
116119527 315866823
691548669 30342865
182471848 254831830
318595283 271217861
80621698 64652802
346701189 333109953
907046792 652231377
214576409 461205020
328266838 626986995
943466831 989362535
625218314 927058500
256631051 815290692
10367805 832183669
413972902 951515119
69650600 822038878
979635360 14446807
373166173 382427227
411808349 345234919
101851238 900238274
552633540 654202449
487858598 931454110
600452763 637888975
78574425 896977422
799632828 766107317
3415210 567230868
241541909 759650355
974709712 151677375
541686838 134106234
521932073 660194143
334321383 454304265
800445076 768964409
630832486 642778568
207522389 630237405
13503952 346071372
823716060 469906718
585627463 5240735
338485570 235351564
454881961 730729751
58242608 985668838
779979396 360522131
676211839 476622647
290289741 622658820
106089264 622571901
389988422 843781905
524712809 932337321
485394505 210689385
886323558 63339778
312786838 216409196
652461324 403799651
893869636 745793510
641614264 367204798
678065190 963351181
495370328 36768551
354928746 793984836
113008542 356057372
939092988 876996120
905362832 735500875
56208745 926499723
974333041 287948743
877494936 707014005
424982476 260717765
931477834 758746335
347504698 711177958
827305086 558323519
225100727 600729197
420114709 462769347
245876254 465159831
200774119 680923020
330355115 290431832
